329,5452196	179,1075286
189,3439516	366,1554977
377,6399573	25,16758595
478,295994	343,4257304
224,6434775	272,6947468
310,4096015	263,7415139
4,987714099	278,9141853
195,5589622	99,5049327
224,3280707	157,0989896
117,5257504	286,8552628
295,4485846	443,7965057
228,9593755	247,0315386
140,7221408	208,2624983
334,9718266	374,8553053
447,2109882	99,91628357
285,7819354	435,2683338
445,7122784	27,36198861
381,807192	238,86349
446,6312047	376,7398019
94,73108944	33,90695151
87,07370135	433,9615772
327,6741849	311,1499259
14,69202703	137,1281034
457,2863486	2,203865719
294,1436348	253,9485876
80,03318632	384,9511889
125,173358	287,001957
333,654173	442,6666042
226,6154427	164,5110127
188,9370676	86,13433611
438,2823388	123,8009314
68,04988631	438,2070736
136,4790533	397,0257724
368,4819263	88,65463325
437,3620561	409,7422015
145,5485017	312,6315258
148,7179629	164,9098885
178,0863205	4,106187065
127,0344231	124,2615527
128,7578266	77,22110865
257,3368376	24,51666422
95,8539365	496,9896531
43,50790758	229,2501691
198,1190979	317,8761545
17,82462028	46,67895889
339,8370399	180,9146629
313,8407367	0,437051743
410,2851502	72,77491676
437,6291972	170,534622
461,9912057	306,1079176
73,47862135	205,7010928
129,2810085	129,8100221
209,1940157	316,1118605
421,16514	396,0853441
322,6620251	435,6529599
371,2925174	44,40051305
453,3464113	365,1058967
211,110299	462,3727808
105,3794735	137,2807268
142,6147558	224,363964
48,529394	230,8184981
37,22742128	192,5766339
491,8088457	144,4498932
486,242208	30,4290377
26,58064696	339,762029
26,03206491	465,0042456
478,4816379	136,4710421
162,2619303	48,07250428
441,7411362	407,0781413
331,5995344	222,4082635
232,1635188	55,00970121
409,1800184	292,9465456
270,913836	463,6352823
382,7705672	72,18578714
189,8793655	407,7157452
313,0041943	48,83681037
331,0711772	426,3964456
40,23572871	326,3918359
490,2520003	293,4867443
70,49273246	184,0823299
275,5218552	245,712325
403,3013823	92,64170479
308,1856637	311,6540677
125,7638064	190,2961281
437,9867127	182,9866793
268,1203645	179,3317839
278,8390746	225,6521551
26,74592932	406,7114436
235,8165619	290,9639271
308,5477114	65,19393854
310,607879	111,4595972
435,3718558	297,1745778
0,250225317	494,3866867
103,995014	213,6493753
391,8267963	281,2737812
130,6868229	438,9658936
23,67107937	259,5166793
68,24448778	366,333355
333,3864977	484,0478279
334,0390474	115,8227772
267,3649564	258,7339592
92,81782796	430,5972998
312,0845185	361,1271272
458,3900165	443,169845
191,3233561	57,39443561
39,60168411	138,2478598
99,50406278	326,0377554
229,8975098	252,8319488
65,83015966	337,9150872
261,5939025	315,6854875
472,0868417	411,2259615
307,9271359	388,3007923
469,3144495	87,00641792
120,8793966	481,3296866
152,8243855	140,1251052
398,2438878	35,55627474
263,0259294	211,8585541
68,66893646	379,2620063
229,6189064	378,0527678
272,7602443	87,61112733
233,3730607	108,736915
409,5135648	393,8202769
284,6499861	112,5897326
51,0716407	308,2986452
353,3887366	252,6657686
93,15939702	329,7904503
105,6215042	304,0773527
156,1594791	332,8751103
110,7751198	217,7117968
270,4561207	314,6911206
428,4661675	347,6105329
142,3544283	58,04276863
108,6974937	285,8713775
176,968957	301,8696494
388,7273685	119,7220809
101,0688421	359,2965088
109,4465513	236,8931585
178,678704	302,813812
87,1761196	241,2005626
124,6313569	141,6611343
28,78320106	158,6341952
254,2170242	456,3126214
492,9955185	68,08624074
100,5604127	125,1367613
307,0505293	208,7094366
473,3801978	498,3525047
382,4126199	29,11656617
308,3988128	164,2249786
493,6860326	48,10618324
257,8794254	19,59624226
154,4475063	71,76265771
378,8203611	484,7409418
142,3321091	357,4080541
139,7092899	138,6046956
10,75193395	464,2071985
28,65794878	19,60676511
266,16069	302,8568998
386,381198	146,4031036
445,3063686	380,5308224
179,7709987	265,6195966
323,4380787	114,0154668
191,1961661	105,4048093
181,196844	482,6507729
398,6084576	191,0008351
319,3919248	362,6420903
467,0454133	455,8228671
278,1440625	364,3965598
117,9772523	159,5210569
485,7502998	498,0474579
64,5261761	297,2076198
271,2288161	168,7331624
270,5803539	272,1364903
465,1500674	295,5504145
186,8497301	176,2505294
357,4494031	5,485103566
19,88932817	265,0206246
491,9687673	464,4022421
427,7035285	111,1250095
55,28606933	411,6483186
105,6333876	293,9183748
495,892735	302,0132347
289,4137885	437,4144851
138,6579963	425,2842938
302,3181197	376,2677253
181,3307894	157,5305979
405,8426924	140,6522543
99,11064407	307,2143939
69,92628016	367,3186534
353,9891515	388,5865411
466,0531482	117,6038323
153,772642	485,0474722
262,3762718	436,9617055
198,6046448	307,4957009
290,5155225	208,092769
86,74359534	259,4768931
193,5432835	373,3887293
9,965995029	447,6264849
443,1298829	210,5166467
485,8628863	493,5521185
284,6476711	123,3639848
446,438169	453,8354038
277,0384968	433,8485761
140,523597	453,9996567
339,0098632	288,2882853
467,1399966	460,576542
390,523548	144,4622908
160,7385442	50,16319983
110,4900097	200,6590241
407,3306122	104,159677
298,7736041	268,6413433
236,3535485	419,8862964
401,1753645	75,96970853
485,1449847	157,9504377
254,4752652	45,9484945
138,5494467	1,348732439
272,9545864	230,8811354
205,6132746	64,14545989
89,65223869	119,3707848
263,2836603	319,2346442
407,6241316	84,10724582
283,2403462	182,6340827
307,05642	232,7037897
146,1124169	347,9065104
210,2015427	10,07339457
393,6765623	396,6031749
176,1477951	53,47191832
106,6694027	331,5503116
182,3101777	179,3894483
391,128577	88,32491473
246,0151704	204,0395048
121,3394442	402,7064821
145,9736865	488,9427631
216,3721747	87,66398285
417,601689	25,49102932
358,1761345	67,74022646
61,33898227	203,4884896
93,66178794	71,83015105
450,4831503	95,42276245
28,9537839	456,8523904
388,0521793	79,84985258
255,8217934	19,21873048
77,75561192	110,1115378
97,07796355	290,0374294
249,7234117	378,6131839
70,19979206	335,2812265
240,2425208	362,2991895
241,211929	37,79708897
116,9816482	82,68722812
70,22907301	238,3706345
6,149435993	481,5636778
132,8393704	330,4283
320,6017274	247,2146143
497,0676348	28,79919138
53,70121352	271,8440625
8,244217737	250,0826137
33,79597718	267,3326821
7,735989918	82,36851403
478,4907545	1,818986204
401,6260315	315,5544378
412,3029546	75,49419896
369,4188776	111,9107955
388,6981799	336,8442995
204,4551587	489,7649579
104,1023632	472,154869
275,3705463	495,7012431
269,5600939	352,6331187
186,9917695	243,4941308
18,34764346	71,42628008
135,969966	25,57167014
455,6286061	441,6657456
435,2047375	55,49525756
421,6230045	342,2924074
174,2152765	286,8949863
128,5593609	24,57759471
323,9367624	69,00947749
67,14159987	495,1591584
226,7682397	498,224171
161,1682753	31,04685435
38,16641432	402,2458729
318,4268839	103,2778482
168,0188563	414,2451029
116,8144234	165,6731592
316,8897488	272,1480308
465,5758491	222,0006823
46,98977459	381,0744842
344,6862843	33,16698073
333,923205	338,2469408
237,7580747	457,5939387
174,4919682	88,70294272
201,6251999	348,4930782
76,558068	445,9486169
277,7628936	283,5083732
133,545692	150,0673896
322,7886604	306,8921377
445,2673278	22,31226193
246,2032371	163,3611411
135,7063368	208,3296081
378,8172522	13,63189999
31,66861644	350,3001282
81,41933167	340,007859
492,7820349	196,8077188
11,84672996	107,1911405
211,2143342	494,250982
477,2633136	450,8249318
13,6645019	344,6581073
54,71911375	434,2464869
9,436548306	455,6437341
446,2619195	203,0593888
397,7115287	179,2569933
0,913182456	198,0948823
300,6186353	424,0973892
164,0116272	428,0972444
105,7117342	379,6440799
288,6641278	311,7013951
100,8848718	156,9951677
165,9079983	305,7047571
154,5605794	251,8683648
237,2223671	107,804021
98,14824569	400,1337082
279,7831995	76,19851464
425,1101828	309,1954694
92,69781831	229,4260347
87,80862663	451,6181771
231,8040198	365,5034646
291,4317463	69,74104695
410,8529544	179,2828923
317,081791	177,0244003
87,20837593	342,2480106
9,675696888	241,7414095
110,5548981	393,4421125
348,4166589	292,9220545
284,4690666	69,7835838
102,7307877	33,46874056
457,0091841	164,6935274
73,44095137	32,79124182
109,7909876	64,792427
104,7753992	201,4044825
118,4775206	423,0459163
475,5760884	487,5987328
488,6564079	297,7620776
493,3385575	142,8342846
441,676223	110,4673943
80,52939594	300,6421279
169,2062566	484,4385654
422,647748	237,9246312
250,8069049	70,66446235
436,776696	485,0746677
467,5059285	141,4165215
283,3265263	142,092386
110,1877322	448,5808534
107,1259578	372,0328176
494,7377346	461,7350128
340,9490912	104,2872437
185,8650221	312,0126772
36,51547306	394,1051031
123,6467391	37,07627952
130,7926732	140,0353459
79,17824078	209,4572583
263,2413321	356,6569204
386,1955126	196,062083
301,8248017	341,9354566
92,93994498	306,4458367
181,3914879	386,6366567
354,3108025	467,2868275
336,5596941	459,9315834
137,4269791	41,96995974
423,6743867	328,426579
139,5022721	281,6510595
10,82437697	320,9281105
388,9163865	257,2788636
250,3423841	397,07445
217,3422171	469,2296589
82,19441523	107,3768149
227,454961	188,4588306
485,728459	382,4680662
474,0711174	376,896615
60,6973543	192,6763361
174,5591684	383,4349478
355,3337198	366,7820155
145,1706833	477,074477
252,1945893	484,3514256
364,0569774	7,912340473
154,3002636	36,24383968
393,2150171	109,1548918
208,9254507	355,162779
155,4938434	248,5070003
52,83457462	289,6628954
286,1457674	268,8311766
439,8245692	413,1528587
240,5394024	68,8782954
489,1852038	262,6273354
53,41555657	262,4830245
398,6368296	239,1916257
356,662317	465,6438306
327,0751253	271,9630915
31,72026799	410,3916407
247,900203	348,3186757
448,4607248	195,8691175
230,4432545	66,38687205
426,6222165	384,5019239
82,01067697	280,4270722
79,89458774	454,8349754
477,8374833	477,8899862
72,30503496	256,250719
412,3028922	8,072226845
407,7921784	151,4988225
207,1699144	329,3510193
27,88545875	1,682888764
436,9795427	292,8034931
149,5286586	492,8949813
313,7618275	232,0730366
405,1375465	71,9364937
420,8547443	37,31718423
282,4433698	468,3080053
98,30854332	453,7894054
227,1914552	191,6781458
185,4407781	489,8755157
384,2276655	418,3856801
205,9532673	325,9030818
153,7480512	419,1280797
77,41743287	185,6696171
357,3371199	405,64629
175,7718374	63,09626988
1,584954847	366,7521001
283,7345401	20,11836184
18,74782427	323,780498
234,0994247	273,4092284
236,2608958	281,3450859
309,3055922	343,6825264
171,7153725	295,7017855
136,6936239	314,2059999
401,4452735	4,18066475
183,1645093	267,7110728
395,3849704	463,4701765
380,3247312	50,56975796
227,0306728	208,1424972
74,90402234	326,9570656
461,7107093	178,3050763
293,5726947	392,4215276
380,9522429	493,0644077
495,8697856	435,5303174
367,0602491	140,0743639
203,3611496	452,5817563
337,5695414	397,7069711
278,8267131	264,3960008
8,917706837	24,84520076
207,0315186	289,2358512
57,08469774	79,54772646
148,2059182	284,3740192
428,841301	418,8283405
219,950498	495,5133097
436,3070398	374,139156
3,958219565	460,1742468
338,2517526	123,8596427
356,4006093	140,3031948
58,63035357	302,1499454
494,4270995	291,54303
140,7179811	239,6909068
437,7061598	341,5173194
456,4348407	418,5040488
475,491557	48,42542962
345,225606	214,6584
47,00906041	34,71280028
266,8913587	363,233132
73,83414026	392,3578434
119,7487168	333,8733646
368,5449102	235,0666705
363,7616997	329,332655
59,19572747	76,75773714
462,0937833	285,2544385
351,6996061	89,9023304
418,5975241	293,7178387
31,90547068	212,3366434
275,6584312	102,0731164
390,3505945	123,3418273
436,3622116	394,0603981
398,7304444	460,4452887
57,99006648	307,3785454
247,7042496	476,0926683
221,1036032	57,49667098
82,62560019	166,0767387
357,2762251	423,1103665
134,203955	189,3250253
52,49358922	410,7170649
451,0288468	338,7327466
98,28073276	361,3708021
492,4919741	187,2194044
329,640799	495,438177
463,434259	86,45292997
48,71292563	383,4891362
104,3139651	321,8247907
449,412992	432,7418414
91,0532187	284,3078333
498,9538168	352,4706405
278,0527005	381,2952169
178,6576777	35,75101774
324,7945384	52,26992367
378,6409169	478,2745315
178,1716809	31,32592624
27,84971852	319,8131335
264,492635	419,1615112
387,3900187	495,7427575
190,2062757	222,8967927
115,0632024	304,2352291
313,2811241	299,9985803
488,3416324	17,74751574
315,9865721	21,03107105
40,53260897	233,7249925
286,7080089	248,5562823
154,5471644	173,522939
24,78908361	191,1051976
300,850627	315,3412641
208,0100185	163,6383318
152,3036433	105,4694983
160,8798461	82,93710273
277,5015852	355,1326442
164,7893186	25,05960236
122,7530133	382,957176
421,307498	286,91909
234,1013512	117,2267451
127,3539583	205,192232
81,66111033	309,9387619
467,5720721	18,80973148
258,6169404	392,2346109
491,9802191	317,8947664
182,1034685	385,2505621
223,9086621	309,0025812
70,63884782	416,5395641
27,23023599	167,3471398
231,3168325	346,7433898
169,3031827	196,7101005
336,1346955	118,9748268
162,2726829	202,7224969
18,60418184	137,576371
333,4862353	464,9430329
32,01078572	240,9753908
251,0379623	180,2457239
127,3367001	292,3938496
35,51221979	221,7071323
156,3012921	192,7470797
458,6026992	322,3038884
74,10362946	395,7040976
1,561032325	409,4079535
60,48602049	325,4176424
142,6724783	301,7253139
344,549329	157,138143
364,9760748	306,1363156
12,05991519	195,9477008
12,18763432	371,0766904
5,460074587	378,6147876
328,3192798	390,1718039
199,264376	493,4182807
138,2595299	62,51916552
232,9218173	421,5073844
308,8665797	172,1713133
398,3912096	431,7204279
408,9781249	63,4826324
465,9946903	185,3715985
350,3754439	406,6762022
392,454402	262,8145581
291,2782082	64,17786814
452,4031215	249,3607269
360,3883814	55,4735329
182,6471393	47,3126642
249,6873282	166,3072458
217,9010554	313,3332884
25,42923394	429,3349806
39,11998881	341,1237234
132,8470801	451,7077021
329,6268066	175,7230618
64,6541031	206,6787518
308,0880636	184,6462423
486,0509818	204,3218547
65,18004027	400,2064129
426,6002854	468,4065637
278,0446217	402,5160682
231,0785337	266,0121156
150,0978926	29,11782602
304,2826187	321,9772849
226,9098437	246,8790633
205,5238299	51,10698511
367,0345527	305,0042901
154,202672	74,37245794
495,9292003	439,6609751
148,5602413	116,5132242
41,17085781	118,0987183
144,0842312	92,90034469
337,8968236	143,7848985
415,3206392	170,3454484
22,9550065	306,3704715
191,2282578	459,7325087
103,6471563	328,2942913
194,5136003	237,3110404
263,6079892	285,1319135
431,3304169	279,7792833
485,8067093	396,2249304
401,4968887	75,17823496
181,949857	106,7994973
472,5432903	172,460692
7,454230324	481,8026076
159,7685008	486,0688085
38,96868396	338,908902
26,82412998	27,00019647
115,8020219	374,8987322
186,5585805	97,83493069
370,5493106	125,2581639
120,2098116	57,59402266
63,75043998	472,6033875
197,6356727	110,7686537
395,0989899	463,8676896
231,6622625	191,2838894
264,2887606	119,9844702
11,09040511	335,7353955
22,90476308	270,8736809
299,2612736	402,6407147
331,8343647	48,19591395
107,5626416	250,5427318
394,1522967	124,2344777
346,6652014	11,81881181
325,0210578	281,2235325
43,14031919	370,9139602
356,2493632	444,9269369
120,879088	180,4820193
274,2946744	201,6255127
340,9210675	391,9428319
212,3395402	0,634779533
322,7369368	53,20372357
440,3513347	166,5783507
430,5592909	481,2388121
456,2007808	213,0498922
410,5932084	427,216206
198,3210759	428,2245355
430,8509694	120,2860637
339,2634633	345,901029
174,1198804	452,4393655
492,1060504	95,66480602
440,2635546	283,2962129
329,1837805	497,0115662
288,7850417	343,6324843
39,62647115	297,072422
18,24715537	331,858769
21,91408345	209,3761093
272,4455187	25,79140713
362,903457	134,245368
24,20826788	285,4527977
406,5311343	418,7703058
359,0373552	276,3347239
100,3153549	111,2015915
35,93099035	117,8440179
165,5748396	224,506881
255,6810289	230,1234359
214,3110769	214,0889776
451,5741188	34,14429071
332,0989507	400,6180688
470,9055587	57,81888122
89,22626849	490,9787467
86,25389209	416,2315458
306,4648191	306,6684876
261,5307803	340,2454038
66,54432639	344,6650447
485,2992346	369,795968
127,5000781	83,18926685
422,7527653	75,88101096
461,7749722	225,8872587
464,3933173	258,275423
220,7022555	76,43133019
370,8072459	297,591217
84,69735112	138,1762785
394,0186225	398,3889256
182,2263389	99,27006493
272,1415533	129,6918325
347,7223527	296,7203879
382,7005831	476,8240063
91,92794764	269,0535689
387,7014323	154,2108922
91,12205886	171,3266053
196,2240854	93,97773375
79,54781539	411,2177406
222,644722	150,500823
49,26282367	436,8719617
125,2090233	414,5242196
139,7421528	428,7139001
406,2550274	301,7221718
473,893529	166,721789
46,04887902	54,25119578
130,4316327	443,2168551
316,2311155	98,79056221
107,638753	220,549592
60,31590135	105,0317797
104,1231234	262,5044257
279,8768105	451,2332218
13,10923122	52,36804642
34,96542238	442,4158236
317,1559063	296,5600172
20,70270385	464,6672293
376,787575	321,8772229
213,0113144	97,06874839
331,7099415	169,8695488
29,58843466	156,6772472
357,5804847	39,68410011
390,1235373	379,396232
477,7754351	146,6237217
494,1175724	325,9403947
226,3291616	127,766532
448,6871134	480,0056335
491,1898519	210,8064151
348,3273415	267,5489246
178,026052	494,5798346
279,5799433	290,3875288
126,0940164	266,1210766
468,0877245	206,5399546
303,9489403	1,826915387
192,563605	178,303427
13,21391542	251,1005685
480,2491335	54,93373288
241,8452082	380,4157262
277,2678376	239,1995803
346,9445659	264,9868706
278,8701939	449,2998408
29,31632441	244,2470988
229,0493891	171,326117
143,9972132	164,1942693
405,7483739	42,25603831
376,1861596	199,0897646
319,4092695	36,88769226
249,7812531	420,5046719
23,52139619	150,6332088
210,017934	374,8003922
134,0325328	338,8715822
66,87282075	133,0381198
292,0544445	453,7693024
266,3301869	466,7193029
49,60650971	247,2264542
189,9792669	231,0681263
250,3858317	481,411909
415,2885134	379,3760535
496,8486972	193,9197255
104,5328489	440,5387474
49,45181725	173,8714201
196,1987791	28,95554841
21,76909582	373,9579604
445,3310445	74,91608386
461,91165	62,31964935
420,2501818	336,5790905
353,4474115	462,6483693
383,3617603	137,0762584
293,2832239	419,2593468
123,5075562	349,8138585
64,12245191	424,5028721
287,3404582	98,39363036
98,59668852	402,4749716
219,6112966	291,8217273
304,3190289	132,1668995
74,0205436	445,3056634
98,41613002	418,8678125
410,6816348	54,48961882
394,973842	453,4453992
95,81723743	356,1046151
391,7251749	411,260496
460,3127276	255,381037
488,4275759	101,87004
302,2631076	403,5376007
86,65150932	109,516108
79,52963956	317,0132266
136,5673472	407,1720362
124,5345313	428,8199396
452,3479096	446,2446554
27,18653395	276,7933985
145,1012637	475,5316569
138,7707135	333,2009499
210,4189304	280,4001735
347,1391695	291,1126865
195,2173979	193,2653764
424,7882124	118,8511748
235,9115806	305,1468145
286,272704	144,9281997
97,3809563	226,2719031
356,4399949	414,2713245
145,3227103	67,25756642
105,4060598	136,9061801
440,6572256	434,7318919
442,5133841	80,06559343
158,9744272	6,570916061
14,85249191	163,0535744
484,6023443	413,5572763
302,3465547	169,3969959
314,9007548	64,75787484
430,1057076	491,6498418
72,94968652	441,3969699
78,92397118	234,0618892
139,8023653	220,9741611
427,3260045	281,2309552
159,117309	403,1361337
431,948917	238,3370285
444,9042266	6,602335011
345,5540349	209,4925331
198,8982282	192,4758883
270,0357384	352,2412606
234,7206188	286,6494384
157,1037509	75,27675553
399,3139058	252,0604797
242,3438666	406,6754536
476,8774988	432,5098371
446,5812458	294,5295167
463,0611382	182,250248
117,6208954	216,7775729
301,0273604	232,5635331
227,383564	104,5341685
4,224746898	110,1316872
403,7055438	380,3887098
487,6491156	444,3284091
225,6350071	166,274883
152,6097868	42,6790267
213,9487245	475,6531873
25,57643417	273,8378002
214,4635825	328,5442633
186,6500513	37,67526052
232,9895033	228,4410349
371,4698489	43,07155354
5,618783597	76,26811322
131,766272	427,083821
110,9987775	364,9529921
245,3121541	287,4499943
168,5038192	354,9997082
27,59586479	385,2591975
138,945154	334,7239806
173,7346713	440,8030242
194,8405438	366,5034271
485,902316	105,3762133
317,0631153	336,2657358
9,485074259	112,4408083
154,5534965	22,12351582
237,9043542	17,87159471
254,3057397	18,17822102
389,4299717	453,1332222
380,3761567	236,5291428
166,3546126	47,72012209
163,8235799	220,860203
113,1866795	426,4761592
497,8253914	217,2163196
303,4109607	163,1921104
70,77494529	310,8110641
52,39765686	167,5277392
122,2232345	197,6704306
345,3901804	111,6189663
205,2999271	211,9887801
312,2219906	252,2371767
417,6861471	164,4799387
84,34126748	293,1048214
270,968812	454,5228387
281,0441039	353,5205035
373,8946396	387,1970143
45,32160873	313,1980503
364,2359907	401,5233515
58,2884782	248,9854883
285,4812868	368,1349219
200,3774101	420,985955
421,9864716	87,79861246
113,9618096	319,6213433
485,1466194	365,5122848
301,0790902	484,3578988
301,6182436	39,52431215
117,627459	90,7327843
444,4564213	455,3956949
157,952557	450,5237057
433,1635357	347,4895515
447,1835292	399,3313888
99,67376188	493,3663918
96,52998564	270,9053957
458,2575736	238,9987962
370,4972662	74,95600011
197,0779526	381,4191989
174,3070252	236,5925599
352,9598959	146,4517087
425,3076833	15,42105221
444,2833536	238,8430813
198,9815298	470,5706193
232,9533163	271,5630165
308,7813741	490,1302458
187,8955909	110,2174998
136,1973736	271,9640611
318,2536357	201,5616909
16,01472156	220,3494282
218,0685198	298,1164483
345,9601321	493,1621614
111,754158	370,5013905
4,348863066	342,3528609
152,9781612	320,0448686
188,4890978	421,260417
57,61601427	30,69720587
110,1003652	312,1186143
358,2418227	12,75197209
17,43854535	197,5968141
341,480247	316,9221777
191,0789941	377,5376114
237,6873033	432,5284049
298,2460814	21,39569891
358,5572276	245,3883999
122,4248115	375,711449
11,63957029	185,4729865
205,1118503	284,6660919
239,0476084	56,94589353
441,839135	30,33462072
455,0328993	4,850069557
108,437076	262,6192216
481,4968224	2,959417776
445,4917059	135,3885165
165,6007328	127,0727336
180,7945183	160,9203404
132,194926	153,4105547
174,7858534	234,2612166
408,6396937	245,7368378
195,0660362	191,368362
338,2803383	278,1809282
63,35059296	493,3536281
382,2187081	306,9700678
260,6826604	152,2794554
435,576352	314,3624662
358,6266602	144,4201434
252,6225322	414,4946334
6,18786376	191,6290855
224,7808323	147,2894469
455,379377	369,2546046
467,7347826	47,73545463
389,1841683	364,1347351
319,6220954	338,2690936
297,7514017	2,05141982
218,9823811	265,8937167
248,7445217	390,3213992
360,4501994	476,0975943
298,1249413	339,1476276
246,3546087	291,1337145
19,68752252	247,2689479
259,2921573	204,2675045
44,12832147	198,292463
216,3229416	31,67525442
410,09567	475,72301
47,96199522	161,2393696
386,2436141	117,9730791
182,9502364	449,6917802
302,0295496	383,8782742
399,9803404	438,0395078
304,2892661	322,9133
66,36221388	114,43402
60,97254923	41,53733046
292,90447	341,4662279
453,3583842	310,4076839
303,6491707	452,5547381
85,18336442	453,4453041
441,1604711	181,616541
78,28386217	460,8230281
273,1644233	301,6477589
353,8013081	161,5055862
271,5532796	7,896067523
432,729776	385,5733629
252,2625917	411,8043285
233,1892987	406,5084964
39,45452709	380,1207916
93,64921518	158,730549
91,01246844	375,3157569
242,0877823	383,6011954
377,0892655	314,4821495
381,2500378	475,9656516
206,8632984	490,1483524
61,06489378	323,3639502
332,3448476	421,2607306
151,4308433	409,3973744
154,4572078	73,90502374
472,6974606	157,8632628
269,3590809	183,118246
73,38015694	163,7236199
290,4648969	68,19215482
118,5669828	27,83004707
47,29109021	371,0922568
455,3566613	464,3227195
254,8726682	259,5730822
370,7389103	266,0525243
404,7437989	145,4678786
395,1085296	380,1561092
192,2175557	68,88607852
238,6065195	10,22658153
328,3862944	459,3448978
19,02282094	290,3354899
125,9660751	425,8459461
162,1753978	366,2840205
476,4396067	272,0378277
392,2276436	436,4291684
282,2881098	52,23687481
211,1883745	317,367023
297,6207266	36,86407677
484,8685246	86,82332045
395,5012474	83,90380813
135,1703309	463,0945739
103,0385935	334,962805
37,8323195	78,204967
6,868465646	226,1730665
113,4467342	8,181841437
226,7381481	354,0234335
310,0909122	498,189674
266,3250891	15,29643833
247,4987208	24,71504299
169,0486963	467,7110179
387,7941826	445,6247154
478,3136907	5,473299758
230,9316139	491,2087726
458,6454131	456,3149118
401,1807755	307,5786847
177,8340666	200,2204219
275,0788367	224,0234735
77,13120926	245,2094285
329,8160051	94,6351788
368,46052	116,5307626
145,8573816	320,9644732
147,2751582	52,78304038
223,3589687	51,16901443
291,2387498	404,5132394
215,52331	213,3583912
138,5920721	50,49384197
235,5177288	8,768973109
304,0398245	220,4203583
332,8198907	64,48276054
454,9801253	112,4015375
121,8098239	374,8963265
92,2555804	498,535366
256,2545917	268,9912923
432,3412226	149,4874409
355,5209984	438,6161713
155,8664744	184,3849412
287,2079067	436,5776278
496,3369743	149,508953
80,88918144	258,9163017
22,99469367	416,7794993
142,9494962	337,2270762
43,11247264	410,0072119
104,0342505	49,98337336
268,3948058	236,9067444
356,3337037	125,3748849
131,2085019	222,300576
80,90916055	266,6777617
199,0478327	121,023929
341,0893242	86,57510831
240,4869596	379,9169545
420,0455285	354,3107208
52,5503352	274,054416
297,808591	245,0271605
374,7326876	173,7643365
280,8979189	428,7940532
348,0926857	184,6477995
131,4107202	12,45658901
234,6254625	385,836509
439,9207322	352,2911382
38,31750077	329,9094348
343,3320145	357,1012546
130,6432526	226,211754
9,490067781	175,1589131
364,5763648	375,3674848
128,9570177	274,3448099
295,2768498	31,01846494
486,4152471	437,9606407
420,1831322	292,0720166
33,8824135	208,1712757
104,8758685	400,623715
166,7636739	403,6276365
258,4332799	229,9829817
314,5662943	94,71116451
367,3215092	206,6886952
111,8674135	402,7509336
419,8034443	40,96989681
391,7677541	320,4461571
171,240175	361,3548125
233,095341	43,85865079
103,8571569	376,8636773
260,4573441	240,0006691
63,8290042	466,6699981
204,0979391	119,0710412
369,3756315	247,2946685
207,2834399	242,4230826
499,171277	308,6294137
281,7900987	61,31862456
321,726459	238,4861521
492,9423839	132,9401418
398,8190282	395,6153802
151,0194113	4,058805793
188,6171203	45,52956672
394,1413755	241,3242093
497,3824427	464,5246006
86,30429185	88,64078338
78,64535439	237,9213993
340,5686509	450,5104104
311,1810379	271,7159977
444,7063605	99,60325854
267,7161325	90,98854928
350,1900389	324,9576791
301,6401421	198,5198985
432,0729667	271,7459532
83,51547183	96,99902684
3,632765726	278,7101313
297,3130413	382,2427218
92,62192736	278,8614841
54,27784749	288,9370924
182,967207	332,0877632
108,1543448	114,716113
368,8523342	252,6970239
356,0025059	335,5971319
30,47690138	312,1567923
90,76304006	58,328463
39,53730387	3,266795525
59,03205128	218,0348177
254,6205582	300,9149269
55,31928093	223,5476046
108,1716043	67,58222547
177,4330004	11,80862993
215,4099342	489,5315857
75,93809036	75,03479329
133,6587391	144,0356869
312,3307484	73,91523799
89,6632734	224,3167286
412,6383284	424,1576184
215,8849476	341,433714
37,33645433	85,79557472
29,41822355	389,0878365
166,4447156	232,5529419
95,87315125	65,9273207
125,7571739	491,0282961
80,406557	452,0291047
168,5342435	258,0779474
126,7832429	51,90536392
472,7103148	103,1481577
409,9929906	479,2874517
304,7532869	151,3433248
240,0581423	373,7678819
268,759282	404,2840676
421,9611617	9,732276963
229,9867241	186,8379874
4,870170597	79,98380374
247,805603	467,6248012
13,31091419	161,9660795
151,2116777	200,577561
34,51315126	288,5768132
268,2029923	0,722360267
441,8647775	98,29981152
289,1744434	313,5974774
189,0931887	474,2138501
466,4250073	362,0983137
91,38309317	79,88372895
25,59288332	345,9350669
337,9954664	177,5770916
276,1615408	378,8725654
283,1527851	166,9508359
488,2987927	176,0533048
7,196021221	247,1445277
53,63235482	327,9495257
299,0672106	264,1114779
202,2906175	333,3086602
77,7700541	161,1864298
484,135949	117,1825602
291,8437936	80,39296768
102,0240068	130,1286513
180,5967495	299,3412586
285,730966	386,1989326
249,0460676	440,3779245
3,527990265	179,5640236
79,5283324	140,8233787
201,4066816	231,8280087
64,8429336	375,2095258
272,7787339	361,4404801
106,973118	305,3953817
341,4834892	141,3337578
274,2314933	212,813429
230,1401692	456,2451929
300,234315	102,9896969
381,7126968	264,1805326
416,5596741	246,8696541
84,49393004	283,1332587
480,6196687	229,2253226
56,30810792	132,0600914
52,58534054	212,9270557
49,01902603	402,8315127
220,9677206	222,7217702
306,9131001	240,9491949
205,398685	315,0896995
249,9312582	121,7146514
383,4297228	181,1178669
158,4272021	341,5716524
429,3549963	22,35408298
195,9613957	258,7127428
257,511566	217,1779526
402,8087643	356,863402
470,3915999	317,2072753
120,4410579	80,44033002
138,1248483	172,085962
93,1412642	326,0144286
59,07853068	347,0346025
15,73275744	446,2801959
420,9319083	453,9977489
202,888455	60,04916199
322,2433926	330,4342714
478,278686	64,75503688
125,8528319	391,4746236
71,6632056	396,7529139
92,96287738	82,44814935
471,8664164	66,65326914
310,4456602	356,1273421
324,4089382	456,7594287
86,38130028	417,3741838
473,9149777	234,0546589
170,3833209	407,9522973
447,4005001	65,49014213
443,3347271	83,21056058
257,566034	242,9063472
430,958667	294,3979097
71,1754692	330,020523
409,3006353	218,5144523
259,9505027	319,5435974
329,0537216	263,9851569
323,3803793	83,15972206
494,3637605	21,39517034
183,3413915	240,5857903
64,35055506	20,98049215
344,0669606	492,9514142
29,08874118	462,8913522
371,3781615	268,6005494
198,2274176	76,72064065
481,3563905	54,98403464
414,6457663	101,2757599
352,5599245	414,4639356
270,7752129	486,7574792
457,9194763	492,8427942
4,126535213	105,8348397
225,479861	282,1897937
389,2197577	23,4982469
5,166132052	213,6563279
76,31883094	489,6652477
408,5708112	144,0320418
326,4635954	252,3779838
296,6283428	433,928357
278,8856595	33,70313789
410,6729658	426,374226
2,349992498	133,1170318
293,627638	431,180934
140,684111	471,950823
483,6317927	362,6082535
220,9352756	246,3276519
482,3688089	326,2299911
120,3884887	447,5018839
252,496423	394,631471
39,38589536	405,2965722
409,1397849	194,4335941
364,718972	47,70422525
229,5304242	312,6258287
349,105033	321,2034445
192,1612543	120,4699424
247,6529292	291,5725032
259,6805182	85,1148105
331,7711968	236,6809305
73,94504377	449,7958561
44,82814844	202,5965909
397,5509142	294,1483894
323,568671	35,17507168
467,4968876	274,5663482
261,7647857	469,0270982
252,6016606	13,20617308
275,9271705	442,9172895
266,56973	462,5202088
9,05846083	293,1678982
325,1681103	300,7322548
458,6662679	172,5924459
401,1733467	57,90772615
337,6658558	394,2225179
33,97916067	72,59191189
19,82334296	126,1689426
300,3709578	266,8933075
468,4076049	105,6425578
301,3339365	318,1388584
486,1341211	70,32227654
184,6980704	309,4008082
322,9641077	304,2822375
303,1430339	245,0807013
493,120149	99,70445452
239,6962567	497,4189221
45,00977039	198,0301464
202,4280287	61,20531646
399,7269631	137,6883191
230,829451	26,00742223
118,7367264	457,4642951
375,1932682	71,08878797
104,8688438	235,1422273
13,16015764	253,214268
402,3074391	236,602473
448,9271656	176,2962244
73,11719338	390,5213014
72,81088818	321,6618511
249,8116255	94,47080824
213,1925371	207,9714152
237,8763345	368,4660246
62,16557483	116,5809768
61,7779374	94,32385333
481,23187	204,291204
400,211672	299,6807102
173,6789053	415,8574822
304,3869194	160,1509798
165,827038	412,3036096
316,0524899	495,592552
68,66429522	487,2669041
145,0946249	155,5712326
491,4061728	183,0782496
36,56579348	164,8251888
410,4397322	58,41837681
289,6200199	229,517336
100,2367653	164,4404497
1,455293388	258,8569413
492,2168058	290,1800208
18,04419402	465,5733478
286,5074475	87,93774315
276,9810535	399,4864899
171,1090879	22,9519515
15,71019819	113,3157411
1,270180348	297,0124563
198,9443991	391,1098152
271,0122115	209,8912345
296,5597547	330,8178562
187,445074	44,70734751
339,6810748	147,188784
32,75881938	78,76311615
116,4477103	482,4937954
16,31438367	451,7909657
147,673742	439,9527534
394,4346345	220,7253202
397,5577817	20,99962102
114,206378	242,2659279
464,3124656	212,1142439
440,7104092	160,8919218
304,0642164	440,8478026
442,06778	87,79308683
302,1163597	169,9289649
48,29598285	204,1576077
232,1125462	388,2692685
466,4749042	367,0193973
76,25412628	220,4485618
368,7493802	84,65154712
431,2686619	171,2997074
344,747891	292,0959866
486,0576812	191,9074965
233,9842445	153,1906584
304,1453534	61,37983899
440,9375979	62,31987545
327,6166865	168,4193444
107,8181689	75,39452146
304,2260459	269,939257
31,49063188	253,8865038
189,1956305	12,35623901
56,16554735	89,87484973
205,875005	300,3020024
126,3411037	377,7096664
115,2280846	119,2276556
128,2828185	405,3989207
332,3514063	142,7472847
421,0541627	35,05378122
35,47030587	98,9759664
423,7001156	131,6085823
193,9333327	191,6257145
178,8192793	369,6037313
447,1916193	37,40564136
373,1754394	372,4305853
118,2929187	360,3350071
300,5892641	91,42523502
117,4686776	127,2425189
209,2843074	365,0895905
281,0819943	60,29783469
92,61752946	365,7447924
466,144587	220,9125503
355,3789288	119,7260862
275,11206	117,6255649
107,5904141	431,4681003
212,033564	137,97974
105,683213	60,70863532
122,5017012	175,1349109
86,2314678	242,5077129
316,0687366	124,9359689
269,5319425	309,8587409
374,5328985	432,0100544
159,6574811	66,67041225
497,1634702	28,4589434
378,323587	159,6483532
286,9638118	179,8005112
180,0329283	35,12205537
125,4860903	201,469654
33,42527673	203,042092
363,1439598	198,7293638
299,2831193	409,7211885
365,2390256	323,5380046
378,8851328	413,0869149
262,5375854	69,91394873
286,8368551	158,5209217
357,2324201	412,2542277
60,85979835	486,7892568
384,59303	111,8816677
294,5077248	361,9640571
252,6775701	392,4679032
358,1892878	401,1853357
177,7640518	186,7653355
296,1520787	224,3267618
399,1154821	296,7931405
495,3222487	471,6298609
465,3977133	285,2314644
303,767578	486,5353611
193,2383619	252,7245144
310,4848654	432,7078
388,597286	169,7953134
129,9280087	426,4169271
129,4768795	58,26511644
278,1160322	259,274743
219,3965293	210,6051429
222,8968332	147,3294607
121,068372	139,2464509
22,16831375	368,6634389
137,3391854	398,6231586
394,1624661	431,1254743
476,6723811	74,61326739
426,9558555	219,5039729
375,8121095	3,553799123
244,7387096	391,5023378
337,046495	260,3010394
417,3002402	466,0099807
241,0245553	477,2822632
299,6632412	157,0034854
92,60584468	423,0313332
487,1204111	407,2009161
88,49862555	24,06136095
228,8439953	429,618005
249,1266897	97,98365139
186,3520709	87,34855858
391,5428554	428,225046
304,61636	34,77113294
91,30868169	329,0612204
31,80747931	357,0933486
169,2528812	46,95026566
380,6641381	374,6880566
475,7680648	278,7647122
130,2802682	341,0590016
280,8551631	154,2346465
320,2114214	163,4241146
351,6853964	39,25494635
26,53531852	255,5631493
164,2179176	219,3835783
373,5428999	367,7829642
290,0477985	10,12335865
95,70960822	275,8330301
483,5227747	299,5753758
187,0307493	492,4145345
318,8410741	481,3962308
63,887244	299,3244149
423,7868496	284,5339061
262,3647084	275,3027235
436,2663357	492,4649167
48,64107845	486,3847935
13,47680284	51,8594683
368,6846548	378,8064729
305,0409584	386,1613494
392,1793788	142,6525445
119,0824457	442,3086809
387,422545	206,1767579
11,40833482	437,8716223
405,7694174	212,9385513
203,2132868	335,6075845
71,35834744	196,05304
127,52025	138,4436122
403,5295788	438,0237079
96,38196852	451,3390448
425,782568	499,929626
382,8302933	95,23537699
75,37120001	273,061576
468,4400847	92,68375178
257,9604009	171,5106331
436,542074	28,50421556
303,0309904	212,1079602
280,1600234	291,8916578
398,8345549	453,3757815
320,0188776	290,7280363
357,8052665	373,2745866
490,9843057	406,3390211
486,690094	451,0494388
128,3359749	289,5123031
53,89969143	475,2558168
494,8774511	461,3803902
416,4695615	496,3106991
333,2847927	94,71130635
423,1754669	466,3424722
391,7500664	391,1931119
286,2914505	395,9010513
408,3642243	313,712606
249,6258833	43,42877153
397,3154213	295,9878695
184,3884084	486,4450143
119,5430655	8,06955614
158,5507596	335,4471262
357,7237824	434,7925054
356,8028838	398,6918299
487,1837462	170,9875321
316,6080783	493,3247377
201,1051708	350,0427382
486,309017	347,055761
9,75567596	469,7690103
219,6518151	249,8328975
499,7122665	195,3072287
270,3211495	122,6852917
181,4767781	303,6942661
313,3920468	101,1466617
498,7209167	351,8745089
380,4020733	495,1919647
201,9304693	116,6670453
431,5530044	176,8906855
91,14453089	404,2566411
400,9638799	431,9639574
121,76086	340,8556628
472,1375631	127,2569001
215,0872702	351,5487281
262,0667248	461,4199132
0,988681086	155,1572232
258,5399919	303,3113131
488,0828331	314,4353084
18,1209048	339,8633455
9,389332972	97,48266489
32,30955091	394,9658044
214,346861	218,4354508
367,5918616	180,295978
166,3189467	72,81963255
53,63144613	392,7037366
133,0809944	421,7657076
103,1092493	118,8579435
124,1010571	164,0824702
256,3832165	148,1003087
70,80882917	153,3172118
11,10668191	148,001818
95,20082519	452,3571914
77,59248211	306,7724698
318,2789273	232,180827
279,5505252	7,636088113
175,0956112	230,1526178
444,2572657	224,246668
185,5113614	31,34378572
471,6987162	143,1037022
147,1699919	56,357343
262,4798113	84,6435009
154,7240311	459,0330709
380,6252577	360,5832543
492,8768573	181,5088521
78,6988854	226,0874609
90,3580032	133,6700133
131,0613232	207,8961734
414,396585	246,9450026
16,83868196	352,1600432
346,5011487	21,67820084
74,39817387	337,4918335
471,022207	159,2571696
182,3420863	292,9952241
487,9508432	206,8767222
340,3052681	249,7852204
129,7393652	159,1943124
468,7956574	333,8019137
46,92442461	213,3933159
44,8723643	304,9913252
290,1107062	303,8521531
490,3839665	67,75248518
467,5976314	441,2790658
89,27389495	245,3239654
442,7952627	456,3034064
234,6876628	438,7040934
111,001747	228,6032039
463,9948981	279,3538449
102,7892237	216,7170415
145,5344926	347,6939901
406,6359497	290,3406404
126,3676341	242,8919988
173,0947426	306,5314921
194,2221019	295,7483096
293,4025795	388,5649087
336,1197512	149,7105686
343,5809008	50,17481068
135,7491578	372,480628
360,6370965	401,3585333
442,6688513	415,4729488
215,5267983	394,2120179
336,6055398	282,465695
88,11727799	273,3637582
236,6944325	95,94315801
415,3004888	172,4043839
179,0041997	313,9114296
211,4613334	45,78248317
448,5487987	336,256349
345,5953814	305,972971
319,0960951	279,7034133
113,269	487,4912953
146,6389963	381,589322
69,50125654	399,2374637
159,5362336	170,6180847
415,1297587	0,761649907
359,4017313	67,9447406
290,1425724	238,7398884
106,3918248	22,25003767
427,3683323	342,8336278
36,60604376	178,7029492
185,0947105	161,0382069
242,9554278	329,9890878
286,2752579	304,5659258
250,6979622	143,5364822
361,8501344	36,00963857
87,23217734	406,1392177
39,26868948	100,9024141
197,5168966	161,4006927
288,585041	444,4994429
413,1365005	122,5674619
221,3758431	270,5168701
418,4473844	301,9652731
246,8442655	355,4201942
117,3987135	392,4278411
465,6725614	441,8039876
391,1627963	103,4861331
322,5513347	90,80333983
213,8491731	411,4568222
46,56294248	408,9117415
199,4644362	329,1711723
169,9163738	161,6216835
270,7890771	250,9715822
429,2177554	11,43399066
72,86338984	412,9862352
62,01733023	377,5668458
268,1237189	2,337108755
157,6678631	181,2512218
238,7537532	339,3278053
408,1918631	256,2870908
292,32569	47,1007319
149,678692	326,6748159
109,6274062	415,2104114
262,258797	477,7837372
266,6436154	157,6026262
298,2548996	330,833345
294,0098792	142,1555071
3,085654119	29,79409423
289,38742	291,633921
58,05561491	366,1504761
116,8775416	337,6972586
90,11637293	211,8601122
405,9553609	71,81325014
122,4819836	292,6850578
87,17866499	161,2916219
337,6543092	400,5605547
354,8328363	395,7501431
56,02878582	381,3809572
29,02880441	85,16267143
251,9310543	471,6072432
269,557533	399,3572377
51,63733377	449,5598507
124,9540631	246,706219
0,41834538	468,8869789
494,5844776	305,3966705
188,3470035	24,46663187
236,7753662	83,68529093
72,65916201	192,1866046
423,2845541	455,5261636
317,3676032	155,492786
452,2434679	57,46638792
219,7678798	232,1296025
292,2494028	110,6505306
469,7691186	290,0225168
84,06483196	489,736074
302,8026191	272,0544534
127,7871519	108,8237748
129,6004695	448,5425544
469,4473993	79,55673473
395,6337542	203,6871916
28,49920532	160,0629392
224,1176126	442,4991191
442,1377843	78,28362933
449,1834367	287,7542287
102,2834508	173,6677231
358,6438223	464,1420826
338,1129909	415,6524225
245,6146177	183,249522
213,6816232	89,66060967
0,515978649	60,7975402
88,87317098	105,541757
34,45989338	82,09544915
103,6245705	135,1271872
312,3229051	156,4840089
447,088202	333,6622485
148,0061023	173,9190774
470,8863938	1,104618582
278,0256874	428,5004558
59,9077002	89,1490664
172,8667477	343,0512344
420,4678716	465,2036036
351,8569075	367,6368657
78,07524536	86,85588815
83,3815844	285,1499665
252,1969262	182,6378242
78,2433893	127,1079293
498,7107887	484,6706199
7,133692524	371,9696144
198,5603389	463,788179
175,2257248	497,9676114
465,8737674	383,9833824
247,3415406	348,6904711
265,1563972	139,5285143
366,2500676	291,3519678
209,8632959	3,147191557
366,9598339	402,6576456
465,4689593	343,1757345
55,23206094	15,67292909
430,7327682	236,1226668
341,6741443	137,4889146
478,5103018	148,2816994
203,3521162	160,0849924
92,44484481	311,4835856
174,2378892	247,7060237
143,9816665	440,6632119
192,6094442	429,4871308
296,5766848	0,766433784
444,1271474	263,9248321
144,5343092	133,3883565
310,2090004	285,0924885
410,2831992	53,22594162
256,1199246	207,3798804
251,0545896	24,89763719
377,4968107	379,6720865
56,0224567	347,2325328
414,9345581	333,3272252
352,6233354	70,51635946
431,7674174	113,0528264
144,549555	91,94135332
398,2968842	249,7557332
370,2452083	118,9984527
115,0551971	32,26830038
69,74886617	110,1334971
329,8769995	66,00609627
456,5611727	144,7005449
135,7847632	431,2768385
208,6336588	263,4178676
440,6109173	329,7115095
27,13769742	470,8046917
260,7180086	451,6705814
148,8623202	293,6361396
7,86993463	94,81258085
147,2673999	62,61017768
343,6543487	485,8380642
116,3103911	29,27136652
315,426276	483,5787163
330,3594799	326,8815056
45,97094793	471,4583998
33,02427327	312,7039797
437,4750417	152,6536626
491,1294013	445,2044918
313,7200335	264,0066312
195,9750309	263,5155979
488,3336218	86,37460649
433,8999226	246,9688114
347,4224404	486,0068074
498,8751081	247,78315
299,359438	499,4030423
107,5028287	323,6489567
389,865658	163,9583558
178,5147389	3,016029859
103,2174421	109,4444025
478,4031375	154,4366289
49,14423895	115,6177572
11,62213928	469,3871397
86,93236755	450,0000961
43,35749121	256,4769614
4,782802043	450,5400962
467,1799827	440,0109994
340,5240121	86,23115178
327,4347142	246,0456692
390,5283165	135,9325833
404,8830361	146,6951936
226,8741258	69,39786055
113,3162238	77,45077956
8,492224689	36,97915497
122,7016377	496,6353519
269,2667597	444,5582763
178,1403437	75,42904079
143,4438832	50,11488065
111,0115373	259,5318954
153,9003874	366,6341823
122,8449979	198,0278842
14,64201686	98,1995926
469,7627074	48,55028177
91,7786022	257,0169279
436,1942479	328,650664
118,5150071	59,37481546
122,9430525	260,7205076
468,3854828	402,3811221
2,848091353	62,84500853
117,5644264	489,7643309
406,1351118	343,8585433
305,3719005	491,388787
254,7028465	150,4274466
370,0509866	260,7738413
36,79903013	206,2157493
270,9632663	447,2044965
95,25527571	244,9476609
262,0457191	442,1180018
0,785359526	341,9702129
445,4896033	63,03825565
368,3519214	108,1231287
20,37528291	427,8229506
135,9444775	94,00833346
430,4742098	178,6799733
266,8451538	227,0941654
355,0441921	420,7222421
24,85622125	155,7449994
431,7885433	92,56142796
152,9851863	373,8784803
453,424645	26,65052157
47,87619932	56,12510293
176,2275164	354,9144346
7,485851603	271,1922863
452,7529677	193,7452796
113,3735875	41,94248618
493,8365227	464,4482506
399,4758054	407,9189699
358,4069815	252,9983736
65,45825768	310,6739141
467,6847001	360,3013515
229,6295849	488,7506369
165,4263852	239,1871999
422,373143	432,4597225
450,8075412	454,1610464
164,5650586	335,0505395
407,4486934	86,7409009
104,8817879	107,6283302
140,0766541	270,2419934
390,249705	248,0583477
490,0392925	363,2679095
250,143641	124,8728329
134,5075738	475,640702
166,0233725	15,32534678
104,6176402	229,9725611
296,0989614	68,4530481
131,9791659	413,4700374
370,9192455	483,8159851
172,879107	363,8889502
386,5685954	107,7522811
65,20015177	345,1105889
272,1728187	316,4983021
222,4324047	222,3545665
337,3857293	115,7433329
34,1394631	2,913120292
12,71803507	313,0276917
211,3450556	388,7065742
212,9716697	256,3121149
170,239528	250,9007172
249,5538254	122,2410422
389,6322852	82,37578149
110,0397344	443,3503433
495,3656369	265,2664198
393,2913292	419,4819392
310,6389858	458,0049216
261,0119158	300,9728769
125,0421788	231,4628565
313,4115826	216,5480312
316,0523045	50,19826022
161,6278766	347,7037694
228,7052411	9,642415562
474,8019542	178,8360503
499,2434135	488,5208219
485,6219408	442,8754728
235,8581251	165,3512262
288,0632476	147,6800537
181,8551401	195,6804822
380,4739687	167,2899842
195,1913832	444,8534338
208,9575423	59,13677184
74,77032179	433,4971086
297,8868074	499,9143822
323,9447254	111,8234579
381,4288603	170,259215
86,34151804	449,2535799
385,5723586	499,4754193
242,746128	440,1774936
11,82158131	122,5478327
235,8305722	98,19370351
105,6576686	416,3816602
489,476786	353,163792
378,422459	408,5898542
270,4571415	38,20661539
452,8998492	263,7663705
253,9135438	484,1359852
398,2119337	292,4740515
206,500462	322,7546637
326,6912058	474,2348162
217,9817881	207,5709837
424,6636561	58,7298157
418,4801593	405,6557542
385,9777335	298,790307
211,7985466	258,4840694
337,2812957	64,39856455
198,5155883	224,6966093
230,2319599	48,99294484
146,3720969	106,2783973
483,6838353	293,7384398
138,8187925	364,6205288
307,7600059	297,8407877
147,6672969	314,1880039
462,4815945	25,19186522
258,952976	202,9391606
421,8968979	430,6013096
280,8114253	216,622258
327,2731979	426,6994688
391,9449481	338,935013
314,4317057	433,1567845
259,0876088	347,4318786
263,6657702	232,7273033
186,4135206	440,211399
375,7438623	158,0766959
256,8431708	9,554093821
290,3179557	173,0240405
286,7908102	179,2980478
19,58944005	474,4837661
324,8808866	178,6689095
439,878854	450,9119995
441,0755083	219,3408307
347,0624978	376,0535356
174,1155828	362,1226386
205,535484	339,933085
173,8908	316,3265182
93,30054439	336,034675
161,757819	221,6923573
51,91814296	287,0407988
39,09529206	366,4925409
418,3323405	70,30668419
125,4433811	428,5125644
125,8640475	122,71268
356,2739101	460,9356309
390,688842	360,3754129
482,9541047	209,6177631
449,9690709	265,9983517
184,7542008	246,5003325
378,1604937	230,7866521
259,4137206	10,68377383
402,8154027	36,73126398
94,12796795	104,1657261
197,7779049	415,0071319
138,2026715	169,4650868
162,4912078	197,1406728
444,6879561	69,10729913
175,8766121	247,990178
375,3300311	74,83361973
113,4238064	422,346563
467,7269575	158,8696612
64,51428559	307,4560835
425,080696	497,4702448
264,1007777	39,87741339
172,1479496	143,524761
87,92340742	445,3879899
462,5063172	129,7211632
422,556033	233,6614941
62,41929193	145,3474068
424,7370236	59,65271124
338,2310877	39,98525748
138,5891531	304,8394671
74,18915537	74,08610669
219,9082059	372,3848021
174,1753694	163,5370468
193,1265331	339,4210179
196,9521517	184,1885649
204,3784424	412,5524978
13,73939878	270,5435114
418,2980068	480,6721384
159,6474207	286,1419606
476,7287137	264,0231919
479,3619611	375,3567421
221,1863246	434,1089137
240,2961596	319,1618529
255,4514756	307,5159138
316,4993929	231,7179884
24,95065369	345,0441208
238,3110991	123,5323457
13,65919231	486,754646
379,1706742	235,5538968
330,0775421	296,0048281
419,6579105	311,004514
157,6529794	468,6180362
222,6657665	81,21495506
334,0356397	27,12605667
399,9419293	381,4786839
270,6195773	4,634651957
381,1824005	342,3936734
355,1536925	110,5526779
269,1530864	418,5381049
394,5589408	451,9902495
207,4560417	129,8299482
168,6501231	211,9170041
441,3842568	239,3298381
49,69365376	474,5393864
328,338592	14,86690079
72,70028488	240,1476113
379,0638339	492,2062026
233,2965558	154,7025844
331,0071622	304,015115
365,4165807	37,21757119