8931,108133	385,0536142
7680,65414	4579,352364
1920,294047	5193,3839
1185,513369	1188,105791
8361,595992	3506,040295
9762,564847	5081,301796
1252,015486	8379,094807
1546,034179	5722,569463
2658,012312	2529,969736
3915,675508	8875,892265
7937,945097	7563,344183
9603,309468	3046,010497
3644,005195	9195,157327
9342,28352	7350,696175
5195,172784	9546,102544
1514,921338	5563,337835
1706,066326	7529,745929
6345,910865	4136,867871
2549,94772	4858,954425
3334,956952	6981,751113
6435,681114	65,69324384
3488,558547	2974,794117
8239,763466	8670,881212
8433,83045	5233,564255
9189,224593	5921,54461
6423,525357	1209,206608
7398,070205	2898,665324
3635,535835	7107,12014
1794,762271	6621,30036
3861,284572	5861,425035
1172,371126	565,5444171
7646,743008	9469,607
6154,769048	3134,857504
4380,472879	880,3880444
8195,357847	3581,017504
6720,19518	8104,122837
9479,925951	4844,890037
2602,494414	3227,696496
6096,146203	6851,194047
3491,996373	9105,828895
6255,085271	1700,173745
4230,016744	6565,81988
2260,297464	9578,221592
7334,371716	6882,17975
1887,274979	8323,105944
2226,760247	5240,456534
1413,105103	4199,204118
1398,356588	2760,862589
5722,723146	3844,029119
1704,28756	4241,745439
4381,170832	4295,495818
1115,409802	9271,786165
9630,975882	9862,174596
8071,045305	4634,193006
77,29315311	7640,321069
6874,803115	9631,998735
7563,570403	5850,148041
6760,737149	9242,2747
8275,836661	3941,260053
1460,19093	9021,236801
4564,145014	9832,648641
2258,816984	9589,573043
4989,527033	8287,602278
8411,059745	1556,57353
749,1830492	4401,030403
5766,044984	3987,415451
9298,222437	6502,44994
4674,839259	8623,675129
1910,030908	4424,628786
9438,236399	8637,316329
8424,419144	8990,750272
1777,890495	1387,415702
2574,167338	7558,68196
2510,585832	2502,633557
2632,362916	1560,68455
2829,252902	2228,812081
4828,443948	6023,894193
1249,220018	5967,201196
7001,948063	4151,808932
8374,336797	529,1774385
8484,500912	1375,173359
5487,71374	5881,96964
9819,006624	2606,231951
6309,92741	3303,044453
8399,400675	8735,014191
1747,904666	7120,384754
458,5164798	4014,125075
1575,869666	8414,498266
955,4748068	8952,42573
1740,231341	7852,089913
292,0663731	889,92687
5296,388133	4495,976355
6492,00185	94,7116662
4441,675441	7278,501384
8322,070626	3290,457713
6063,914759	3505,7068
2369,633566	4233,729423
6142,836326	88,19061236
6405,858527	6061,382184
2546,857713	665,8628968
9517,604535	4600,849938
6890,318379	4560,93164
7194,553807	6400,438479
1153,519304	258,1183322
277,0145917	5976,454311
5116,055898	2781,825349
7169,507599	3023,915711
2834,679547	5165,907903
6607,396872	9889,955363
9562,849835	774,8094552
9917,418585	4756,810674
1552,778769	9364,713693
3056,822164	7180,534726
640,6152769	4594,970464
1405,814579	1799,223278
7360,072647	8454,473952
9980,872719	1228,526682
7934,840059	3553,852546
8969,081953	6069,593621
818,4136445	9823,936209
457,7063698	5810,352495
1444,008249	9333,753394
7882,209896	3614,075285
3860,961495	9414,316015
4241,278184	5856,657468
1431,587456	5160,408997
2425,312495	7758,435906
9807,488166	8638,530319
5263,047478	3857,702006
5688,705057	1790,438058
661,2298168	3855,013658
6648,387567	7444,274508
5726,166621	4172,354444
3215,040353	2654,007462
9063,507709	4213,970803
7181,385444	5446,950252
8394,658754	5329,545441
4803,165284	7329,312628
6477,449642	1414,35729
2060,728281	4362,162331
2893,459045	399,2354496
9278,494933	2155,656521
8285,400452	6951,701455
4449,370844	182,0238503
2191,046784	619,7303178
4937,663148	3670,494706
1648,800107	9062,517601
4411,111701	369,7575313
4556,045791	2771,336813
8341,699178	4938,379466
4694,870979	8238,506268
3200,517636	8440,580241
565,1469596	6465,558988
3161,271462	7059,057813
489,2332452	5607,424172
5076,658221	1888,026452
7833,808321	5449,117923
6691,518641	4446,756107
9941,256601	7410,573324
1323,176316	2060,351065
3178,475422	4611,327855
8821,838188	5803,1939
8569,386451	1514,14106
7836,711427	3219,900209
8196,085031	5635,679118
1608,383907	4352,763046
3168,800358	3552,279021
9571,859072	163,0142527
2227,704275	6758,858333
9632,152473	1216,61164
4989,543432	5969,880847
3144,405844	6325,416509
2139,402707	8910,917827
7792,320432	7747,479845
6028,866991	5414,367542
7492,268022	722,3304058
6169,240532	5224,793954
8033,959295	4923,340138
2108,161958	4298,585444
7141,888898	1543,449017
1666,293003	8008,106981
280,2884801	1089,753258
9676,945596	7921,795165
7694,841144	5941,987655
9745,171124	4902,588122
1450,72218	6217,282198
5802,385639	4050,774945
3618,912457	2224,252148
3450,059988	6416,609446
2632,852166	9216,820671
2604,418665	8972,46975
6510,592818	417,2544043
3281,827524	9302,851819
436,4145019	6091,694145
2047,623314	8185,847467
355,2760572	7654,939143
7834,239123	4472,953478
9799,923211	5881,427348
7239,55027	1878,562906
9592,165428	6567,37993
2612,939857	5118,781223
7081,410538	6872,920083
2575,784309	8833,174183
9884,76622	2809,833743
3595,162798	1121,196095
8271,493995	9239,077174
3329,025907	4382,433006
4327,853181	4057,981618
5126,026597	8300,287978
5378,766506	7522,154872
7554,405514	3758,371772
7867,787309	455,1831503
6348,146034	2589,836633
9236,170449	1303,772014
5600,841693	1756,913874
4245,409907	7487,536923
4622,603362	8443,463203
9715,25572	9512,424412
8080,800852	4218,412751
8187,991713	8951,749269
1869,217772	5101,732427
3556,370394	6640,199207
8767,359029	6129,078907
8701,852104	1277,758229
8884,605068	2323,952693
4468,49719	6335,347157
8384,088009	1657,120108
4587,169302	2769,016139
2908,552157	886,4456193
7311,237929	7258,125967
3937,370127	4549,412032
9820,765578	2430,022772
6356,613046	8577,648226
894,3844481	9332,079343
4769,327191	9374,823958
699,4739752	6571,394106
8292,310376	7113,739388
9655,839442	4169,527753
9081,422875	4301,451787
2913,54411	3530,973201
9218,346816	7891,879879
1420,135966	6396,074735
4691,830709	5564,470871
2275,96926	9125,830969
1966,069186	9361,105293
7606,813177	431,5507446
2864,166085	5918,960229
1116,794939	6184,676708
7505,23906	4781,15266
8561,361748	5429,536585
3995,030223	7387,652473
6876,123567	9345,240247
3223,307054	5479,438762
3264,972445	7681,903831
3544,954254	138,3808448
6047,539025	8558,805347
6707,912455	620,0518209
7114,517224	5659,501902
5243,008782	4516,200929
3540,528978	9704,271235
6952,810908	2269,728973
1149,881156	4844,365243
3733,377194	1234,459015
8081,065191	6363,736628
1526,93929	1778,348866
2505,486236	4027,727332
5636,387549	99,00394905
7607,305259	7398,254657
8981,398066	7714,417924
1732,472966	3694,68376
22,13752513	3303,732777
8076,081389	3934,225734
1427,213079	6006,660872
1723,676307	2454,224118
8202,065564	837,2573669
4883,183554	8421,998362
5125,870726	5093,531285
7602,999983	110,5260785
2029,230577	574,9772077
8169,403091	6913,623203
4340,61135	2954,347224
4287,671168	6979,955607
6080,626524	9314,513831
5431,332333	7879,528096
116,3308378	3030,940603
1131,924439	8067,64077
5203,839352	4047,475958
2470,11748	9039,648288
3532,237719	6696,101033
3754,565995	732,8175895
1615,899128	4800,926046
2093,118238	9660,989624
8404,538139	2722,740723
9450,501799	1928,698788
1507,108362	2602,943414
7873,509825	7951,176524
3670,628389	2505,738766
8610,611796	2465,139161
9892,42629	857,0394842
3253,139495	424,5619525
4363,992573	214,6168657
1347,345516	9153,234047
3257,186589	4635,372019
5148,490213	5021,033784
466,4797036	2673,300734
405,1012439	2459,554026
5698,076241	1537,935856
8021,535943	4494,490032
7028,910842	2354,789815
2298,804197	9151,476183
1373,038684	7888,190923
7127,066232	5188,635085
2099,027172	430,1972894
689,2628022	4923,691739
6161,36887	230,1966963
7533,667904	2775,873811
4021,470028	5786,97272
49,44988358	4258,258919
3571,746548	9648,143919
5361,647504	1200,754644
1337,520009	3532,506224
8665,519337	512,3292987
5251,825816	6983,605947
4291,057415	4120,514956
7140,144632	6061,041944
5900,737105	1160,091095
3182,538658	8048,322811
4011,069247	597,8380491
9120,056696	8344,504443
7054,148822	200,679506
699,9803761	3453,525659
783,0303689	3233,499127
892,4509449	6291,375273
7383,385609	1650,572312
9079,09907	9669,370858
2283,52837	8774,569948
3163,77872	2785,218658
864,3958857	9789,702663
7047,424529	645,4587109
4066,912252	2977,420112
8368,7758	1729,932287
4144,325164	8855,637977
3733,825932	672,1028669
7111,075128	5240,149917
4032,112572	7417,187264
6906,422762	1551,867653
4059,887833	5881,250465
322,7613267	8071,694971
7570,744008	6110,722799
4050,734575	7912,789954
6745,952651	6266,301966
1860,733291	8171,815116
3147,632528	6642,33693
7961,774598	523,5119773
5666,240874	6395,362527
1602,191567	2965,061753
3434,956899	2045,990706
8686,480681	9138,47274
2937,652376	8607,506143
9212,536924	2814,163333
4182,060216	2827,842121
5870,256897	4397,7128
2634,307264	3625,751383
3704,503112	626,7720902
457,9073184	9175,990932
5708,989139	2223,210337
6441,862871	2994,432226
8541,359391	7051,557986
8762,18543	2901,617269
848,2533104	9101,504432
9175,853909	2669,953455
4994,329908	4022,45487
292,6010567	7695,289671
4715,200491	6318,72595
2704,041077	3558,401551
6759,840209	4495,169556
9373,861268	1625,554299
4365,840113	954,7275838
1705,596621	3966,381824
9022,182465	9096,575169
379,6285438	1708,63659
6236,413194	2757,599004
8773,462513	651,1657784
8910,909331	886,5648768
2195,741404	6976,981831
5165,606242	9840,088332
8299,332161	6814,090746
1402,659841	9459,186355
2222,507578	8835,766781
9951,761073	8103,828225
4364,135365	1243,70651
1558,037409	869,6737497
3739,570562	6604,41507
1922,18218	8477,05936
5649,064806	5884,085257
9564,825705	6645,521239
3156,208348	6327,813391
4122,836968	8002,783934
1537,254791	8484,619647
6148,047648	1700,398038
3540,45784	3058,128421
5722,685324	1014,585465
2308,013903	9094,355728
6486,554045	6482,318619
7209,485921	3405,768819
5707,328163	7658,459281
1092,388304	173,7282707
8525,024299	3648,971241
6145,253699	7685,137727
80,37629938	3116,973564
9817,354213	9032,749087
20,50750072	4938,219356
9090,675819	8089,111185
631,3918828	761,0722733
7706,927142	7684,968498
6933,257121	557,3717364
6102,14884	9067,9082
8108,288356	9259,458639
7434,645467	4538,116658
1751,142955	8724,338025
4128,616003	2373,310354
5034,216584	169,1015995
6866,755124	3031,230215
8030,909325	7546,232143
7596,83899	2016,211537
1025,905295	2536,873914
9440,482384	1620,779034
724,4350507	106,6368277
3323,562893	3516,663713
7671,101811	5493,024648
8100,263141	5719,855795
4935,37613	9169,246084
8715,731315	4953,172616
4399,181199	2865,936548
2027,942496	8589,259517
5939,245985	4249,591544
8710,547089	2695,29228
8979,076257	3811,60595
6723,061736	5372,653626
9421,102307	2840,127354
7910,428916	150,3252078
4964,393617	7821,230619
6320,125459	8655,495424
7780,563175	1436,586601
1448,335987	7371,629313
9614,499345	841,1879556
5223,838914	2770,994179
7136,17318	6941,776477
2734,446806	2950,430522
4465,021083	5467,310778
1633,761664	3004,631171
4092,031204	6463,741498
3792,720428	5571,239209
3821,982779	6747,875351
9647,147217	3929,316336
6475,954767	3090,996508
7912,091136	4406,108066
4082,786805	575,9832544
7130,090236	4475,375753
3648,09721	1445,368773
808,9170378	4478,153328
768,5912884	5980,374752
1270,232155	3684,772826
8646,392102	3973,124461
6487,066479	9730,353084
9952,467517	4994,419776
1396,665058	308,6528743
9788,486707	8382,180534
7084,305874	3896,954074
1307,702186	3129,205028
3857,846253	4212,371775
4526,154303	745,6986296
7765,388007	8488,306552
311,5383977	8035,500286
1643,973228	4059,03358
3856,150194	4029,296127
9557,272278	9500,085854
7026,914913	5160,113218
2631,911016	3480,651485
3015,234796	522,9103288
455,517481	1308,199275
5647,401158	4065,613864
232,9221616	7344,29432
2507,078687	1909,838041
7067,028066	7385,601812
810,0476217	8107,656031
4840,042613	4391,469337
9781,658183	6077,896707
7170,431458	3518,871403
8094,646645	5280,845421
2911,273935	1749,676315
4323,401561	5711,793245
7856,47958	2832,422142
54,24720623	1120,949026
7483,401029	166,6003369
6796,51247	2290,8428
6640,948658	8895,10769
3998,002145	1277,50608
1221,583469	7628,361316
996,0817888	1455,298521
8293,865462	7390,977317
9790,519638	7898,542696
1563,824092	4688,387213
5469,360795	6605,587041
1766,816674	3531,123997
8193,75569	1278,164189
3210,409218	8160,560492
4496,095449	8790,704729
6524,084446	1388,278505
9403,47352	8311,158291
2898,243476	2144,870544
4315,22602	8751,188403
4423,915557	3670,402876
8685,79405	265,4843702
6221,024663	5308,789801
140,47363	1489,609522
3738,489574	315,3448048
1202,09315	9224,654609
8076,057843	2004,241838
7773,327228	5289,364191
9662,740841	4538,952655
7060,308163	7785,228249
456,2423509	8001,356493
3434,180603	8219,979865
9572,948083	4106,095416
8158,608516	7649,663293
2066,412191	3260,531678
3300,153513	3981,495277
121,3533805	4769,136816
8782,23602	3224,300717
3964,965513	8435,717405
174,509054	773,328455
1741,297388	5292,904182
3409,986561	5809,217702
5267,460518	4340,42017
3419,457062	7367,037749
3256,062161	2990,653732
681,630648	175,9733171
83,90020552	1387,471208
5224,488064	7359,737134
3666,759582	8704,901942
382,3935139	6326,382388
5394,979855	2903,849973
5501,912174	2191,773144
9557,213851	1954,604114
1704,281013	337,7070007
73,66856116	679,4239048
255,0659885	1372,38269
3089,028845	2187,578348
3123,202048	617,4358977
5841,693227	5995,526076
9008,538697	3081,995499
5818,721857	3473,572026
5790,107883	3118,563382
7979,75827	6645,149349
2554,992961	6407,969386
2793,656184	7058,265434
7777,010467	5283,712719
5064,143001	4920,455281
2994,022295	9234,219961
5001,39108	6162,257304
6786,161069	2224,74665
3517,121049	8338,979911
6673,567804	2197,885982
8952,889439	7469,555881
4675,661239	8646,480682
8762,349825	6344,670544
9720,258375	2685,451395
9812,994155	4785,907875
8933,676922	2103,683945
7614,514318	9491,539077
8181,702055	5614,534574
9740,541402	3199,143695
7676,694324	1823,676513
8072,190454	699,083505
1685,809308	7843,541755
5499,175002	6734,425963
5942,131371	5759,42434
1281,712294	4437,061215
2777,262435	4643,672946
2421,64855	9992,579635
6134,922095	4971,798527
9875,990736	4394,301763
9635,074255	8279,937238
7445,628289	1322,902043
4346,680411	4501,691369
1607,216491	8961,70472
5105,330662	6866,290639
8204,360518	260,3665059
1820,670553	4382,428293
7572,440641	6572,668187
9617,592444	4941,946392
7473,651977	7556,96284
3970,274486	2714,813794
4771,732354	4289,99759
1360,337627	3819,626193
2159,437787	4607,385476
2821,038934	1682,311896
4436,508199	1238,717407
5862,218549	9719,97715
6069,491766	5684,729843
5862,57389	8046,651391
4454,004182	4423,982124
9731,064094	3149,541291
296,8280968	5064,051668
8445,045365	532,2544575
7711,007777	5520,985015
9426,787663	7523,880478
2464,815483	1700,530768
4491,133296	9711,017897
8904,093795	5151,757714
1106,399382	2548,24795
59,91835167	3595,231739
220,7555917	2639,270929
4302,697523	4128,405998
7242,194649	7696,05766
2137,565911	9112,892324
3957,990732	2273,23195
3704,708937	7373,331758
3674,49227	7773,768224
3160,65595	5973,124319
5165,172611	7801,543535
5789,686605	1886,925608
4172,588746	5277,043382
2271,022562	6760,841121
1235,411675	7996,864471
4478,847358	2499,250448
8290,301963	7140,676637
8462,849895	5274,903126
3704,845494	5959,579193
1317,468747	3581,755849
4074,792246	1616,977052
5407,718534	3996,380116
7307,010092	3737,363638
9787,832748	2091,9725
1293,785076	860,6749172
4027,207811	3117,252784
608,8722028	1738,625799
3992,889001	9183,820032
1271,349651	2943,206693
4642,968691	2229,332819
8893,87586	1262,473855
4378,334814	6781,820326
9424,167695	7787,120971
7400,530815	4577,741512
1803,466449	6821,471785
2640,220042	191,0900055
3469,913318	9044,945541
1175,789442	504,735561
4540,754243	2493,516426
2668,664774	3097,978218
4277,757007	6438,994642
5378,560343	9708,811355
5240,054171	9500,776888
5831,71737	4870,415379
3695,065762	1995,699432
9461,470509	2825,030418
4799,974469	2320,495201
481,353536	1058,912005
5396,012599	6368,0816
487,5287704	8190,350326
3309,998165	6247,112322
2571,853352	4005,854898
4119,648368	4155,792148
91,53108598	1306,621888
8948,141156	6721,388822
7271,96277	9684,131495
7986,598028	1538,414138
2312,011113	9556,940879
1005,538667	4564,886245
4932,307123	5282,592547
2195,759524	1457,309542
2332,134599	4995,465497
4959,778686	655,248355
900,3621357	8736,570714
2466,064137	380,5339286
6248,881961	2521,079528
8466,912147	8755,715679
2069,242114	6823,41041
3509,563879	325,5594167
8656,160708	2198,225249
1698,182223	6771,454626
1477,709188	9163,46392
8194,034865	5619,878457
8234,858929	3241,704801
6998,895321	8948,829672
8290,027334	2084,258174
2501,58833	2176,73025
7136,83704	1943,98884
6651,664412	4706,444505
5965,008774	126,8365424
6632,927802	4454,438758
1381,249037	1065,094742
2804,91138	1075,18223
2162,752687	8026,79638
380,4351067	7125,578396
4342,241541	5456,389328
3046,920102	3822,083664
5927,634642	1540,803918
2842,939352	5737,26129
379,7348777	6251,595474
2344,787775	3726,989976
4709,69759	9070,103539
8159,413618	1359,014229
9393,414244	8422,600012
5027,218836	9551,657854
9112,80083	8011,51864
2833,348794	3976,827248
6265,220768	6135,677264
993,6299133	2055,947765
2226,545386	4550,615198
3131,724194	5020,648014
1576,151963	7663,817432
3285,611805	4971,084077
5437,69683	5487,697408
6362,262858	333,1157901
8595,73359	389,6701029
3795,986993	9481,122389
4415,259327	2576,657625
6653,186039	3412,164346
4975,768537	1941,474234
7686,199294	374,5595316
2100,448625	436,6533989
1136,789773	82,44189015
7790,326201	35,36865795
5384,141005	3014,405085
1645,580332	4729,648656
430,5676398	3352,614625
6964,524747	9687,804206
6101,762783	5105,418269
9100,882456	1453,024793
1159,607727	312,0334293
7833,740922	2551,86265
89,70464989	2547,287129
9132,119242	5586,306509
4356,89936	8979,246034
734,8484826	5938,346158
3605,057431	8265,676023
3490,672658	8733,121923
2416,19786	4969,890577
6904,434535	61,24326561
5643,151422	4478,193803
8606,816823	2246,478952
287,6402662	9432,259374
9609,470325	9615,995964
4862,432876	4504,837979
9279,617499	1507,673022
2649,266978	85,94733704
4479,732784	1458,592519
7607,358921	6419,562991
5963,029295	5375,989
4792,770459	9123,852577
1499,764684	1939,902519
8798,554599	8451,453333
2309,786818	266,3353093
9250,712772	4837,986791
61,83760043	5350,289866
3642,489376	8955,547852
3551,274903	759,8671856
6287,636472	5814,319171
6072,895891	2623,582312
4530,669141	5974,530383
7276,516335	8510,963276
9296,424314	5432,467575
557,3277316	7414,008013
725,408089	746,3841046
3168,109715	8127,589328
7015,162181	9165,763498
6076,600395	9173,868208
7503,462508	2303,049435
4305,371626	5589,075994
325,6741524	9993,060783
1377,064663	2761,421257
8807,134155	2729,78223
4729,913317	780,8073026
4240,844477	7632,526783
4841,176003	2854,616496
355,6009392	6714,712468
3946,203958	7047,058716
2818,688207	3331,003038
582,6477298	838,6140104
1311,861325	1776,483282
9251,935938	2511,32807
2693,522405	7977,211937
3081,328899	630,8148166
8971,013734	2838,086619
666,7358334	7384,896536
129,0132542	3938,39522
1844,343535	9911,25231
1780,102022	4000,998465
3003,630966	2611,575236
1048,857068	8569,509136
652,2288065	7552,005007
5513,834599	3776,624847
7454,299139	4455,792785
904,2032198	6511,024142
6304,343461	8164,021012
4034,951728	5180,687104
7567,446678	1257,092188
8916,109798	258,7832677
3324,54203	4938,303137
4854,760163	9963,177032
2867,006884	587,9013849
1531,180398	7137,445514
6576,670252	3933,557968
3096,791023	5689,710847
8151,713379	9844,987324
975,0996543	751,5256066
9880,333889	3846,264107
9625,435094	8922,025207
7548,875048	7500,797883
2883,508753	2124,268757
2145,865645	2312,802447
9969,486701	9628,758635
4148,680485	7674,620623
1130,87775	3264,824681
8943,774411	6575,321432
6544,735408	6603,927934
7291,507278	4197,737675
5258,142317	4330,177638
6107,739582	9608,898788
2654,262091	2837,087134
959,5937767	9143,381982
471,2561494	7603,744841
3486,2256	1177,921747
3796,495708	7204,47103
9310,769494	7544,63922
6386,034054	5864,557367
5291,193258	9563,512257
9077,686122	8594,639377
4851,733539	7857,970785
2197,194571	9540,082803
8386,837327	9402,018719
1229,108561	5838,240982
5290,174872	3234,222001
4774,914642	3397,742484
485,4139412	3541,087011
6153,813884	7224,745516
9977,757719	6439,600759
9893,037842	5537,128482
1934,022023	7363,253456
6330,96031	453,8807651
2433,903673	1850,365194
4072,818622	8702,916251
5657,873771	7232,249558
5896,944788	7013,373586
1360,968915	2880,471882
4614,338189	6489,530477
8009,223403	1110,88773
5240,164591	7356,150417
7501,771204	6772,167223
9951,846031	8417,207885
2807,595529	8898,45768
1574,641211	9086,75491
2386,965291	8407,605542
7983,354326	9672,922167
1628,71106	5549,860012
7311,663975	2816,646579
7499,520507	7297,370132
241,6070363	9316,062393
1105,545162	74,52693683
5692,235402	799,8680762
7930,785221	1241,231864
939,2480499	6632,689222
9181,575721	1934,963498
9708,71634	745,640715
9201,404737	6773,721351
4433,379296	4731,742529
6392,147761	9142,87552
7798,827936	7066,282526
2650,382049	801,8563916
5476,651783	5199,889137
3124,734663	1728,746669
7049,269632	5750,929342
2584,385741	1823,108123
2977,407353	9987,7299
219,3403338	7811,51262
9409,81637	9422,526009
5831,051726	4211,40357
5586,199826	6845,880373
7356,095516	8720,367221
761,4945725	6988,880606
9088,761027	9307,985832
8699,884774	3095,346334
174,1997032	2791,317956
7007,509539	1668,786097
8665,418681	5458,32514
3570,572896	9920,375065
6044,983542	8042,880698
821,2366034	2542,719601
932,6613212	8087,025854
446,9023996	5096,132678
3412,395888	8710,631681
1521,480082	7393,439105
7027,077707	4717,792409
9146,877077	9695,968396
1143,839046	5331,229316
524,6717433	3140,233933
6891,386925	4714,940507
5036,280586	9507,346335
7847,872438	104,9210413
7519,407302	1925,217521
5424,909703	2865,10568
6087,252043	1414,257583
6436,384505	2525,82125
1811,605152	3693,993421
6092,15131	4275,198258
291,6209214	7898,109574
8492,581917	308,3420236
8588,46324	227,6268408
2714,289306	4759,982771
7157,566284	3689,65106
7349,930244	6251,498727
6764,678648	616,3383674
2899,980121	3175,046996
7820,679235	9695,465443
8519,045706	9982,946244
2185,273107	2964,15122
1324,578262	4012,855599
1005,00308	8046,397754
1741,622692	6355,388274
6294,300834	371,5630724
5213,071619	9566,289635
1035,644389	3650,329157
2066,820023	9111,585321
9211,809446	651,2901637
7732,012137	7605,866253
57,29052548	6221,296285
1193,025885	5194,482871
467,5666272	5043,611332
2796,501084	169,7708856
3847,809542	5449,551876
9378,033866	3007,023017
2352,590411	9696,03164
5785,066973	2950,998128
3987,808568	9075,717082
8231,934863	7899,278085
3004,31296	815,3265163
5644,065529	4217,526935
1793,218267	6477,767422
7702,462113	9710,099347
6621,780185	1844,806004
1177,395674	2435,046568
5123,931986	6564,581991
1142,689819	5980,392449
2490,631417	7397,788676
2447,741847	9490,956129
7279,610393	4066,646841
2521,76287	6585,403821
1167,493242	7242,565076
9763,962731	8027,332332
1277,033718	7239,941553
883,1773482	7022,228352
3294,342374	5856,373275
8766,140398	330,7501327
7425,598275	1839,832581
7372,889589	7402,239951
2609,299913	6448,321099
9461,064931	2015,32339
1758,871571	7303,577118
7370,794309	9570,174052
9947,673129	5117,350608
1776,358361	7614,770958
7185,456884	9758,264785
5926,828144	3854,057214
4061,235446	1483,929752
2529,301425	6659,054733
7230,244921	7652,080351
3049,383313	1535,431526
1753,78438	1954,009804
6281,004052	2023,750423
1638,447638	1614,082383
7931,32579	1066,06545
6596,44549	431,0205148
8518,623486	3335,736135
7855,314512	2282,882801
9483,655025	2206,897706
9478,49731	2436,494504
5474,607971	127,4217467
1639,510901	8912,349204
5961,317652	6997,822895
8020,807918	7113,714342
1184,386379	2004,90957
118,1000385	6830,82859
5388,958421	4724,078789
9755,426565	244,6924216
8636,387077	3445,380842
6266,380564	9470,841288
8409,311412	9991,232885
348,491877	2861,045289
66,85959471	2047,901934
6804,041724	7153,057937
9298,212251	5139,299239
5249,120028	4596,603822
3771,483721	210,288075
7140,176135	6709,869763
5062,184531	6997,028286
5752,554011	2812,351778
7568,423199	8531,57735
7724,093274	4836,921106
9154,461611	9786,473889
7953,079504	8412,63704
4676,050772	6883,866459
9364,869082	2930,050841
1763,299164	9095,583972
3720,155794	8524,526988
3430,027096	3924,630551
7724,381658	2250,115852
9584,79092	462,8906588
205,1470298	4381,624387
5140,847006	192,5894677
7543,013055	3057,931257
4283,141417	8189,863154
2882,18476	404,293389
7551,514639	9484,73334
3125,885093	9783,036703
947,1666808	9728,689381
3799,84733	4602,207766
6392,66729	8099,548845
8987,109873	6313,358711
2830,416594	3612,097572
5026,074451	8024,978238
1268,319647	7833,014232
4351,808484	1765,002396
1652,073388	7894,474512
6333,498709	4791,20317
8659,106974	8130,832327
1815,804703	6149,185081
638,8192864	9574,102766
534,5876941	7081,435153
3824,950084	3476,994304
5572,193546	8748,604094
5560,437146	7753,448275
7635,023748	7996,61071
5736,209427	9493,878186
9844,246689	8642,435918
3430,062733	2667,476434
8185,580131	4132,571798
7369,14131	9739,315477
7615,075248	8086,233101
7389,221273	89,32243267
9781,149894	5764,442584
4005,982129	7913,158885
422,2736252	5976,697728
1551,77939	3402,881372
3950,491474	4730,505289
8895,527263	2544,230513
407,3035429	7651,702511
6955,538044	1701,326614
3308,026235	8406,100165
9697,106106	3717,115926
8961,608393	1052,057137
6809,417896	836,3863374
2774,895215	1245,002202
7127,180142	5619,189507
6733,371253	2706,236281
7043,723419	8659,432315
2702,380647	469,6183681
175,6776446	8346,084906
4741,437922	7540,488374
2426,466367	7993,796944
231,6999532	6723,259025
6475,279869	8136,480615
1860,951344	9110,799417
5929,415657	7303,664549
7382,521956	6233,00451
5637,139891	8824,152634
4708,663324	4627,910075
8493,492125	9476,642319
4005,259519	1895,286813
6324,193482	2076,513606
2041,412341	684,4625125
5330,380972	7013,23455
660,1724608	7387,234678
4793,740665	7863,810275
6876,900561	6542,722317
3313,139678	9529,354772
1655,823208	5998,060228
5140,208093	7817,657634
6067,389493	5278,811315
7573,121621	7871,229292
5429,058558	7143,399605
9123,90941	3487,13817
4466,826224	3949,558494
500,3031031	3363,090995
9225,657078	891,710436
8389,985904	3732,526412
6539,631916	9385,665064
3177,736957	8082,074509
6428,557045	9588,575684
9977,720322	4443,417573
9713,217328	5765,845214
6938,143134	4945,815603
9322,25666	8920,778279
4844,072868	1541,080503
9412,37778	612,4606049
5788,238423	7915,778299
3655,16764	334,5349839
238,4551596	184,620238
8289,796483	5590,962151
2118,293091	7073,893321
4809,002762	4721,769389
603,8220901	2518,815098
6464,426963	4841,679782
1329,71722	6834,433429
8388,186292	3880,270093
6562,054547	1740,503815
6370,461909	9172,995701
4665,949503	4134,228961
2449,702562	3193,873856
7584,698828	8848,359575
4093,690826	4506,1012
8136,122163	7942,017737
3250,55229	1412,098387
1028,695157	4799,808949
9546,741626	1133,208383
1817,656879	5804,250494
3305,362317	3921,164659
8510,438116	4884,023107
2934,526101	4345,401549
7266,488938	8873,889855
9820,013085	127,1066024
8119,762641	1594,950425
1199,4981	3619,576274
9770,45924	5955,223658
9677,021627	2973,366612
4058,690425	2521,410875
9124,015712	6489,079541
279,0009491	7777,371361
5150,742734	7883,267268
8205,342375	1303,568651
463,2213935	9244,779892
1535,30461	1010,214936
2693,194702	8065,621664
400,1863209	8657,365945
3871,327451	1397,085007
1147,284301	6801,22787
7239,74709	4884,189369
1101,21705	2331,199342
2969,888297	444,4892997
959,0324002	5503,306625
2770,642848	5104,083944
5996,388774	580,6106348
6158,789398	1937,902929
8448,690211	3470,450301
4780,228323	5901,207393
6294,959112	3259,416992
9300,219184	2991,71547
545,5208543	6510,563817
3998,751939	3951,879905
9979,562769	5486,618055
9588,036866	1421,768608
5608,797286	2351,040366
1307,191826	933,538511
1055,031311	8736,24966
676,046602	3433,910828
8893,334632	7694,207239
315,7212615	9671,369579
6712,804738	4894,149198
3865,896765	1581,617611
13,92654758	7485,561316
7856,367827	6665,039403
5068,250076	7974,653877
8225,733772	5509,281153
1709,234854	221,4191937
8103,163049	5846,740796
521,0928407	6314,569008
1347,57855	2721,06649
571,4550612	5969,451883
5663,017776	2474,349905
8943,130809	2095,512573
2355,969882	4644,094273
3351,269137	8154,507861
1638,794944	1796,431481
9247,012695	9522,889156
9097,269991	8354,138703
7255,672786	8395,025348
3217,822635	8525,299845
2421,624921	5520,136443
587,0357996	399,9413524
2600,681329	4022,082174
3498,518041	356,8492641
6654,351443	2437,240117
3989,636431	1119,346904
9146,300377	3561,869643
4118,684164	8731,688932
686,4152893	4740,678732
9618,417508	8,234814824
1837,598458	195,6702488
3886,816623	1019,101364
4036,04099	4078,11465
5593,538317	2553,149153
4202,716718	482,1677745
2269,679456	1126,25128
770,262036	1135,115419
812,5113094	3585,624606
8524,896973	1740,946077
3614,481887	1733,252838
5118,25936	4113,118237
1673,902011	6854,876127
9357,544257	5145,324509
2779,091967	8507,726236
9260,335568	5755,582664
4130,244131	817,9466287
4655,412579	7898,743698
1347,880195	1040,242751
5254,329942	7483,965933
9487,903801	6781,872166
7162,281283	765,5352888
7466,589568	3192,084687
8066,202097	3143,816077
6870,97184	5494,51647
7011,887023	6950,132202
267,9560981	6965,143875
8206,234903	3848,796663
1511,091692	7760,246432
6886,152916	183,6185558
1848,175188	8233,398132
5764,403401	4750,986411
9976,921791	3519,731207
2227,407632	4008,043427
3473,306283	6692,03751
4357,056107	3,151769062
2458,988082	8642,152736
5720,559551	3793,074557
4329,576948	5842,9867
3975,133191	9136,672082
412,164385	3674,480026
8973,175252	2198,383647
3798,198682	9705,930875
4477,160752	1233,097267
8714,092334	5441,797457
2013,144163	6532,963709
4073,586096	7785,111902
7518,369521	3386,711685
9995,049	9875,106821
5804,539758	2709,743159
3851,783937	664,9311298
7692,16611	7033,847747
7882,679669	1050,974538
5252,878473	5610,818194
3453,100017	3133,323135
2584,388638	9194,255549
123,8922687	2774,139979
7849,617067	4999,909903
5052,292769	6217,038279
3572,983933	6918,414497
2027,37784	9981,113058
380,7759435	5086,413519
5665,577272	7420,604903
7711,775345	9724,629994
6973,522774	1310,668999
7580,089143	6823,933579
9194,89547	3094,775155
6144,978162	9089,880618
1901,578154	8608,036594
2965,769681	2118,22073
652,9156095	8254,068777
7022,198516	8147,909768
4477,54344	3200,778918
6573,841662	7827,078144
3913,011806	7573,155121
7366,665617	1462,106689
5763,766202	2919,41578
2019,355024	1834,638531
5866,50486	7812,22668
3948,962368	2866,263475
180,1182403	1330,935595
3783,680173	9501,00251
9276,809407	8709,712706
7743,42149	16,76416687
7926,557594	652,3954476
204,1398367	4735,725815
8206,846851	7475,286824
8611,538395	836,0409516
8390,716797	4314,928435
5924,312952	1408,391534
1196,287175	6916,345039
184,7240086	7374,463343
316,7089425	2464,547432
242,2360838	4088,233977
9347,908196	6774,957383
9661,423247	7531,713659
9820,4778	6569,051991
8109,862017	8290,724803
9905,421655	3107,578635
6428,813252	528,4352566
6798,45311	1208,344484
3552,43298	9038,269113
6204,426452	8415,322863
2713,952035	2925,010436
7280,665687	7917,184075
8473,723864	4371,65494
5634,807208	3089,029632
3315,204211	9637,549364
9310,763043	246,0814228
7347,102686	5228,405222
756,1151486	377,8147646
7857,034048	7267,238938
7918,424821	3037,746606
3149,714088	1367,710855
2548,984351	6254,806969
6758,71307	6979,096802
9598,751318	8805,44225
581,7785678	831,7428528
4584,768497	7440,768259
9245,462495	8632,94312
2417,854822	3448,032425
4554,990304	2713,086386
7898,873985	4984,722045
7169,175178	7192,021434
8954,440359	2469,967526
773,1464932	1382,470821
1966,429574	6935,740871
8938,773245	4769,489003
6582,346414	5604,041892
9238,795799	4755,703182
1517,998826	3222,478777
2896,619652	8046,571099
7700,18033	9100,360198
2218,807519	8682,359756
8815,60687	5348,329706
7599,307803	1643,63091
3554,748434	7109,289015
6661,007007	7190,297487
9052,594324	3520,679837
7909,96651	8291,244151
8531,061472	8631,577142
103,2180601	1449,670823
2805,850626	1489,90752
3669,256468	4137,943683
6972,423069	9365,399894
8003,125851	8052,146421
1872,771209	552,0901794
4422,869521	6762,387485
5345,198937	1157,630485
4886,025329	2322,307329
9061,061053	9723,623857
1535,322842	111,4787853
9521,192081	3820,924381
1566,738368	579,7581345
8013,874139	8794,512108
8929,930627	9793,860909
5571,59396	4008,862216
2696,276312	6662,486678
4717,63439	5908,573695
8534,840993	2046,496517
9084,30842	3240,651885
4023,768857	9236,601589
1845,969028	308,1692902
7009,013993	5710,160261
90,61441727	9616,007255
766,3175146	8731,677175
1156,375798	9004,708824
7893,040163	1759,037865
1522,732552	5305,291933
9909,107801	9838,763966
4497,545044	3439,431741
5327,563315	9182,709678
5265,206365	1668,930605
950,5987412	8829,478581
7048,500944	8668,330899
6574,455746	1464,591921
83,66506594	1668,162687
533,5162854	2017,954396
8891,434383	920,0221124
7239,560383	5506,318878
6661,112021	2683,052797
2543,093434	5570,948414
338,7116651	113,6766555
9825,126731	1802,673478
2686,430286	8375,212067
1348,245309	7816,608768
1466,29425	5053,163119
3877,203488	1946,653103
2934,626226	5620,333118
1331,157405	1040,413012
4892,07744	3451,224182
9527,140078	5947,462172
3962,897542	872,1208258
393,5760962	6876,462794
5918,919662	9887,940115
8118,13258	9093,427857
9644,7477	5309,780292
9455,938815	1921,297809
2254,183336	4880,420332
1673,665371	5381,218995
6146,311471	603,3266211
7129,962838	8787,561774
4070,506287	9096,381422
7659,576805	5439,980854
6286,86362	1460,567659
7124,275948	5997,837152
7269,78016	6914,917569
5941,22233	9890,161931
3757,923659	5630,730024
4308,067576	5738,536204
6574,45241	8991,896053
8531,98358	8329,918948
6675,220211	2044,172374
7654,824116	363,5172477
8744,669804	8736,405531
7161,592665	7001,034197
9424,91366	2783,698042
669,5783244	2060,773386
708,5472533	3389,323059
3979,362433	279,8302217
2128,035447	6896,973486
271,5290949	1559,832241
541,4985964	5578,236518
3438,760994	9963,937101
7194,101092	9354,742044
494,9264936	3850,552201
8429,49608	4431,416285
6324,470968	8890,826633
6983,177753	5890,288875
7149,653403	6837,630341
5383,285536	5770,182964
2012,068425	8514,774853
473,8246861	143,4018668
1742,757375	316,4409254
4516,625741	5690,552488
5219,079057	4484,186218
5535,022552	9898,353071
4074,276292	6925,305996
8848,639656	6362,582107
8769,035399	6353,024065
9935,245484	5864,347266
569,4463171	3761,495278
1927,728545	2989,337019
5524,903025	6386,014272
294,2616264	5772,7006
2337,834393	2652,208634
6845,001828	8548,12815
8415,723614	7073,61659
9120,263253	8808,393851
3009,804838	1293,179547
763,0984926	1091,586597
5403,920229	9444,87968
2550,820587	7590,0247
1684,659942	3958,634222
1221,024944	928,925958
3364,152512	9231,342999
4977,462299	7362,225086
1453,104576	4817,719924
8662,462699	5473,487756
3085,166579	1164,908035
9270,024559	9290,311573
3575,904446	3337,228661
6241,137834	1609,077524
3945,670538	6957,462688
9188,109843	6216,385386
4602,299358	8021,450081
3357,076142	6971,239256
1076,92429	6774,859777
2017,807771	6004,743021
9899,965364	1181,850154
9472,560071	163,215789
7758,314134	1942,537126
8312,235879	4702,066532
5918,182957	6451,179493
4222,643957	2880,521612
3678,331071	5701,470308
3746,697568	2221,822414
2388,528403	7383,979085
5789,549597	4408,628033
1271,25699	9434,000466
2094,346159	2809,983372
6853,377616	4417,584602
8229,340431	6867,528446
945,1612633	2315,878522
18,48112827	4089,519718
4810,339865	7773,934752
547,0655153	167,5222313
9112,469332	2602,544564
4766,282388	4690,796756
463,4993341	1693,001499
645,0012481	6237,812943
8001,124125	3098,805734
9704,346111	1158,415279
7475,500263	9084,449962
9329,759583	9933,839974
5036,745038	8965,96278
32,62687492	3371,182627
9832,05647	200,9974564
6520,565513	7992,922656
7243,97299	4503,710923
1114,710943	6078,339105
1568,541772	2009,940049
3597,248831	6058,697162
7571,739577	1966,886918
5977,565966	4535,262771
7414,844414	7675,054795
8661,400893	6867,978983
9118,875742	8960,929041
478,8311896	1673,845224
4075,174472	8589,320196
7820,465962	3022,854788
5112,570426	2734,256326
1484,952501	9121,61612
9317,462391	8128,222593
9302,389554	2935,015534
9772,776406	8220,448229
7326,912527	7247,530632
3353,001321	1379,173856
8570,815111	1655,562127
323,4609093	9480,841984
2325,349831	3181,857814
8618,640111	8702,723516
4019,57882	4328,277982
9019,611881	6294,049915
7930,736888	2453,108683
3085,11327	1125,782873
2703,403681	9553,285146
5437,066443	7528,882508
5008,395845	3693,673919
3656,266362	2401,318854
8009,124858	5436,286245
1891,991211	7099,269985
9818,582222	7493,120969
3289,156596	6622,17482
2338,898235	637,231753
6283,743008	1998,417732
2505,942038	2193,772254
5299,812135	8155,056057
9967,764198	4720,857134
2229,372819	7424,323422
4379,855627	7107,683344
1629,217041	9483,168242
7580,204376	2081,011768
3456,741673	5867,094368
4468,37221	8118,501306
4184,258243	2408,709443
9383,228088	2358,095307
5240,171827	3617,677746
5461,267733	1767,266121
208,5751253	7287,212012
6268,000565	5700,932087
6754,570022	3574,432347
340,7475953	1690,925197
4380,543522	5076,87533
7768,758747	3070,358154
3550,652112	3769,62209
8565,730492	7467,676528
4489,380264	2658,970089
3630,995399	9862,148197
1895,141172	190,3664659
8998,822206	4620,496638
1713,7728	6440,438365
3476,007962	8017,858127
5463,231569	2463,35046
8884,623948	8235,847292
7012,812194	5133,910463
2814,67536	711,899019
9171,79705	7628,164451
9241,154775	6226,155484
5920,072061	9219,938525
6055,731489	7845,192373
8295,984975	1007,595756
2788,536063	6573,757512
6620,567584	9485,34944
5378,868255	8893,266223
2588,273858	9046,983551
5629,125861	9230,679888
8595,097451	5347,383796
9362,736847	8030,265978
5625,917354	5687,694538
5743,465629	4350,138605
9581,006835	1679,167736
7319,686085	4470,014712
166,6882115	5095,557499
356,0242737	1480,091601
4415,986693	673,4974094
8313,641552	1599,424179
5655,490514	1508,139098
6193,719258	5344,985455
7846,766891	4448,017931
105,0128786	82,01952463
7648,473897	8875,562184
1479,653436	7860,338871
215,8062998	6963,934075
9481,522337	874,9468231
709,8671309	3791,365865
9381,442425	1267,586061
7469,273694	9096,722828
2411,646902	5871,003583
3446,087524	7553,280027
5145,007564	8565,091019
2989,064291	8407,595406
575,3290079	6042,574532
2784,592506	4625,543851
9282,266466	4785,969268
4792,072238	4630,134275
6540,289752	4592,273694
4397,200446	7296,994218
2734,073959	5129,374117
1031,81558	9103,971831
7581,152995	1674,995025
9706,203956	1697,990942
6074,341196	7263,117531
9504,822775	9282,493792
305,0002012	6829,625017
1199,533197	9425,132838
4275,04374	136,8742419
1842,058971	4325,980802
8058,596511	7257,092498
4521,277581	6029,645704
3120,758583	3966,078924
4408,955529	8501,198484
8598,495851	5181,321236
4128,061626	9507,339856
9793,131159	8728,104883
2597,186137	6380,241697
9200,856696	7978,286854
686,2799488	2499,365257
3927,625935	1609,258877
2131,762392	6844,524715
1861,692844	1733,342657
7715,279737	7476,335925
9404,475911	8588,291198
9000,564016	338,4442866
4387,613538	1197,66732
5568,35074	8561,030664
5859,241563	9137,628886
8645,651878	7830,559783
5340,349432	1516,215653
3968,357545	478,2628783
8113,038557	167,4950974
6450,851944	1782,520054
4149,165467	85,80119546
9404,305629	8601,371758
1647,108207	5023,461097
7099,352736	4252,198875
8873,466141	4532,412832
4078,139563	4974,045536
6115,465335	3142,295279
2492,128166	4157,765418
1946,200541	483,2948863
6512,755935	7954,520509
1728,190751	9383,666566
4203,621182	5542,681526
5399,03681	1007,673245
6405,613224	5493,333012
2792,693319	5190,555005
956,4755386	1239,139612
5353,475238	7744,195527
8727,851999	3856,216791
127,0432923	6273,784525
2133,345368	8363,849862
3719,980029	3856,316318
5330,199161	8154,519945
4214,392473	837,8493905
5336,62786	3802,496771
4979,322151	7510,702737
6082,320864	7681,511106
9200,046344	7769,921181
9974,900829	202,4916981
7224,953799	1602,57063
8099,997129	7034,829142
3597,149858	1176,233713
1380,034289	697,4977973
1482,482174	9057,441359
3886,153765	2836,542792
7670,019435	6616,423985
9153,813048	2319,702073
6170,661718	6112,456859
5204,082797	4082,584883
3979,388342	5814,024743
3321,088983	7656,313466
7792,464546	5574,061006
7287,126227	7240,463139
724,8822793	6909,752485
5759,827128	6901,082369
2682,802842	2322,581969
3528,061535	3397,798415
214,9944259	9724,574887
4575,007464	6792,179207
3097,348946	9804,841514
8912,309191	8066,832629
2422,274341	3374,122339
2307,526435	9076,729433
1628,470557	1590,508947
4266,218331	3372,450397
7609,483064	869,3877251
6371,051324	7314,662861
9865,450808	7593,551335
9769,830488	9726,419182
3900,155204	3860,908363
9402,485356	3710,470958
1385,455428	3278,706861
6588,462236	3736,128465
3339,961506	9041,860811
2940,868162	4173,530922
8622,295361	84,65731132
5660,0011	7608,106206
5510,834976	4002,063871
9756,499973	5789,756966
289,2465098	3926,779743
3253,153831	6972,725757
6287,755259	9149,943443
3238,235304	6612,109565
3216,011338	6142,481579
747,8878455	245,5266843
463,7755782	8541,42242
884,4564884	5216,013505
5214,129373	9928,699087
6925,650233	2815,763907
1526,54316	7668,733664
7825,570682	6417,85613
2062,972205	8418,11352
6142,758871	8580,533573
7698,932484	4582,438035
6389,157066	4422,663946
3666,838356	9154,697625
9909,669853	7773,534563
9963,058075	2517,035682
2818,158172	4573,003838
9666,975379	6797,62131
393,645129	4657,139774
7239,704272	11,11887357
8688,548979	626,570571
187,4602046	495,6897601
7358,846462	5461,698197
1617,787903	3531,769196
8910,508411	2581,890684
9822,880889	9916,091785
6915,542595	4507,438892
13,28365724	7977,146901
5975,768401	8110,242234
2688,018641	5866,846335
848,4366516	4315,504198
2636,892665	6660,65185
645,1821994	8672,781995
6194,578582	7617,070446
3830,87853	4876,752586
6203,279871	3597,363215
88,76027378	5253,135449
4433,995685	1343,959724
4628,274582	5174,469432
9081,669336	1349,874856
9510,315553	9363,010055
9747,794878	5463,942958
9788,524121	8338,718272
9359,799261	7394,24942
2358,651944	6174,285419
4337,075886	6788,565498
9582,461264	7634,175023
2299,962544	4090,086751
7530,040045	7364,067209
8764,757771	750,5920781
7121,400796	6555,790816
6294,141067	2437,472179
2851,365216	4197,472595
7760,517548	9095,517184
5446,654821	1113,662028
1564,706743	9581,684341
9436,305311	8311,940928
8411,530218	463,2696913
7554,50239	7163,723399
7346,633086	7491,189001
9462,119409	7596,593812
7429,905447	8051,248661
7419,230533	4432,521946
5785,201641	4695,623431
2359,524888	8636,979383
7272,158671	7536,132829
6696,6082	2080,298266
9564,607008	1432,018313
5507,551164	5354,930582
4295,579217	1365,639734
4640,344042	9345,840962
5714,524531	3294,514723
6252,040391	3942,77543
3083,938955	5577,659198
3309,013338	7611,864151
6891,40177	9573,935349
5619,441118	5941,655681
6096,147532	4347,064916
7118,63606	5887,697766
2506,729653	4274,674649
3985,485318	4552,141141
3640,77358	8937,104174
3040,715356	4551,907205
4257,250744	479,5902278
2398,020952	8918,992811
3159,136138	4860,516002
2147,873333	6143,164665
3146,172909	8656,150938
460,7167273	857,2627612
5383,061913	7533,403784
7213,990103	3541,349368
922,6024722	5118,399698
2778,030698	4269,301507
3667,139717	69,95962521
1164,925127	2229,273892
8555,073658	4176,633922
8433,871143	897,8085479
3849,095776	9764,743192
8366,460797	8241,419799
5569,976703	7628,418298
7299,832707	7477,782446
4013,242925	3148,091014
9354,153053	4009,873328
5990,307277	7744,490736
9037,676575	208,832491
4165,363624	4953,504501
7447,335231	2903,231707
8684,821069	3290,824919
1561,451067	4271,829003
8602,902614	5623,168991
5609,403084	3393,126633
3222,529278	5553,94983
1190,617398	2194,69648
5949,299905	8794,592881
7469,211568	5423,836
7916,595395	5266,990791
6610,953578	200,8860835
4910,425629	6920,994144
4963,90819	8190,772618
9532,44604	4509,515407
8953,548955	3811,800986
4409,20149	2142,395802
2514,090888	5452,045467
291,1495633	6478,510345
3990,992283	5382,332516
2952,35429	654,5878192
5597,483545	2225,814418
1066,279124	9285,079888
8865,892491	88,19142666
6261,258687	4650,467625
6206,753059	9962,41626
4312,047474	6925,741057
9215,747763	5807,242438
8092,415654	468,1242858
2740,345579	6302,240056
9982,121781	5530,877574
7329,685418	200,7864956
4167,495497	7108,63903
7192,514399	5901,341368
6930,684041	6028,57673
8541,806166	7978,931764
8298,733379	5311,696604
8225,136465	8190,978317
9694,722423	7856,688918
2149,536781	342,7908786
6673,767524	5515,075344
9125,890096	2031,009766
1728,893363	5297,7415
9776,977258	6114,714898
3444,682349	137,2431435
2604,633361	5536,606432
5860,325835	9131,833837
8238,198789	639,1185413
6922,840354	6434,542565
8387,429734	4101,89638
8159,454806	8259,510584
2218,356465	5982,37523
2886,456068	8084,215394
148,9612133	4371,893498
4890,462683	5979,165175
5800,2734	1496,283036
2947,905803	2046,905701
7309,38583	57,73614969
4767,344813	4933,360113
3227,265799	288,7010396
7241,815691	9558,729705
7296,590858	2310,30579
9876,013239	3590,477168
4999,360547	6285,779153
488,3152724	5760,383415
1176,012229	6240,954636
4764,769622	5830,587503
7188,376965	4062,696758
9403,099201	9386,692
9203,866359	2103,923154
9771,084357	3956,201284
8521,228181	301,0374507
3651,702042	2266,700464
2046,466782	4856,95752
5349,58379	7019,904065
4206,460508	5295,755503
6369,191889	5300,813009
9900,606824	929,7861396
4249,495641	2197,464708
4298,902712	3624,610547
6239,592444	48,74962604
6573,908071	7910,606082
8914,993892	1670,462609
5606,804284	9855,121736
6470,561606	6528,109835
3542,779169	8322,892118
7449,128539	726,4850293
1255,584582	3022,008401
5323,118687	7932,068241
5103,630628	2475,984
1076,101966	9549,378905
4913,578776	1057,738577
3507,481649	6455,200695
4953,911003	3422,775461
9956,843363	5820,590511
3738,055115	9092,295847
1960,676377	3941,208333
7784,865447	4565,054585
8469,112984	927,760969
5683,263763	382,6071985
7599,786231	7130,886827
8036,643338	4266,360113
4904,165765	5364,256785
665,4304817	7241,42056
9691,574641	2361,633573
6952,398521	3498,522572
1278,947188	1967,798536
3511,041379	7388,963943
9584,668334	4493,101677
8362,935655	870,0182813
8998,318482	8060,658856
8465,238328	2882,890423
9825,790287	5949,322694
6214,325627	7772,69785
6899,157047	7975,438523
3764,943869	4706,470501
1964,812341	8780,656525
2729,837795	3122,768622
7472,645345	2403,312676
7793,065582	5732,809362
2647,290631	647,8467357
6203,92801	6381,391486
3451,848022	4796,4147
498,1736274	3974,53996
1414,827043	6355,336951
2837,300728	8633,187381
5658,069877	5435,102392
886,4335391	1000,517667
1292,353269	585,5915099
3422,918205	7469,602716
1565,991874	22,42247794
2831,181028	9951,698063
4852,189986	8621,96756
2697,319113	7803,473612
733,3148658	8894,469191
4422,319687	2435,934558
1513,757772	8748,887694
5807,820382	3467,185779
7471,028278	8093,835847
6133,280954	6727,555388
9716,611964	8703,430143
9062,115109	294,4255675
4512,590087	4888,075304
3111,433886	504,436645
7865,718232	6589,867866
3947,261197	9342,005132
6365,141512	4919,114762
5622,264353	2559,887129
1583,272346	8943,858956
2558,772508	3166,75493
5237,936054	6411,02097
4884,694293	5248,41745
140,0449059	6075,991689
9668,356858	1223,284123
8968,238825	6109,402346
8024,373677	6052,29496
6207,259958	3902,841495
8698,729387	3456,860282
7980,213663	698,0310858
5468,204052	6461,470242
1093,100566	5620,93192
8762,353487	2965,884905
2483,642039	463,6315983
8367,580712	9049,661708
1697,809461	6136,92566
2451,362293	7355,136277
2616,421179	8008,990943
7608,910908	4800,845588
63,6721541	8049,998029
4374,671521	575,293732
6744,39498	7575,29137
1884,394106	6542,405322
2034,699722	4942,281969
7735,034141	3551,482815
4876,250833	7962,888695
285,4607355	4522,456172
8217,477478	7119,077804
1887,600687	3558,376639
5206,10727	6716,386683
1481,845483	5138,899878
810,3353799	1525,342189
3378,698597	2814,15623
2961,412216	3156,655126
5980,416352	4955,681949
831,7412031	670,9278732
7282,595771	2178,506554
9553,253371	4096,987226
2632,601893	6008,281362
3714,456017	4043,100376
2493,167667	1666,774213
933,1205023	3934,910356
7549,143119	5123,240377
277,7174363	2551,829829
7977,667969	7855,247539
280,849498	6242,389738